0.0;10.351;0.0;-0.002;10.981;-0.346;-1.118;5.708;0.95;-1.379;1.546;-1.465;0.79;14.898;0.405;2.151;15.04;0.076;-2.611;12.152;0.059;-2.838;9.691;0.547;-1.736;14.878;0.14;-2.611;12.152;0.059;-0.352;14.964;0.387;-1.736;14.878;0.14;0.0;10.351;0.0;1.079;10.008;-0.037;2.151;15.04;0.076;2.743;12.175;-0.305;-0.002;10.981;-0.346;0.134;13.336;-0.133;-1.077;10.001;-0.037;-1.118;5.708;0.95;0.0;10.351;0.0;-1.077;10.001;-0.037;0.134;13.336;-0.133;0.263;15.447;-0.468;1.079;10.008;-0.037;0.734;5.658;-0.638;2.743;12.175;-0.305;2.551;9.755;0.115;0.263;15.447;-0.468;0.365;16.395;0.976;0.734;5.658;-0.638;0.163;1.151;-2.332
0.043;10.343;0.105;0.041;10.973;-0.241;-1.034;5.778;1.348;-1.274;1.668;-1.158;0.841;14.876;0.57;2.207;15.015;0.257;-2.562;12.145;0.147;-2.806;9.683;0.617;-1.679;14.868;0.264;-2.562;12.145;0.147;-0.301;14.948;0.538;-1.679;14.868;0.264;0.043;10.343;0.105;1.122;9.999;0.068;2.207;15.015;0.257;2.796;12.15;-0.128;0.041;10.973;-0.241;0.186;13.324;0.002;-1.034;9.992;0.068;-1.034;5.778;1.348;0.043;10.343;0.105;-1.034;9.992;0.068;0.186;13.324;0.002;0.327;15.438;-0.303;1.122;9.999;0.068;0.766;5.66;-0.601;2.796;12.15;-0.128;2.594;9.731;0.29;0.327;15.438;-0.303;0.425;16.378;1.147;0.766;5.66;-0.601;0.167;1.172;-2.336
0.072;10.345;0.223;0.07;10.975;-0.123;-0.954;5.873;1.736;-1.114;1.711;-0.689;0.889;14.86;0.755;2.258;14.992;0.455;-2.52;12.16;0.252;-2.785;9.693;0.685;-1.627;14.876;0.421;-2.52;12.16;0.252;-0.252;14.94;0.714;-1.627;14.876;0.421;0.072;10.345;0.223;1.151;10.002;0.184;2.258;14.992;0.455;2.836;12.126;0.066;0.07;10.975;-0.123;0.228;13.322;0.158;-1.005;9.995;0.187;-0.954;5.873;1.736;0.072;10.345;0.223;-1.005;9.995;0.187;0.228;13.322;0.158;0.387;15.44;-0.112;1.151;10.002;0.184;0.79;5.674;-0.554;2.836;12.126;0.066;2.622;9.708;0.482;0.387;15.44;-0.112;0.487;16.364;1.347;0.79;5.674;-0.554;0.168;1.206;-2.332
0.103;10.344;0.376;0.1;10.974;0.031;-0.879;5.967;2.122;-0.919;1.657;-0.034;0.924;14.845;0.974;2.295;14.982;0.684;-2.484;12.163;0.386;-2.767;9.688;0.76;-1.589;14.874;0.617;-2.484;12.163;0.386;-0.216;14.925;0.926;-1.589;14.874;0.617;0.103;10.344;0.376;1.182;10.0;0.335;2.295;14.982;0.684;2.879;12.116;0.303;0.1;10.974;0.031;0.268;13.315;0.351;-0.975;9.994;0.342;-0.879;5.967;2.122;0.103;10.344;0.376;-0.975;9.994;0.342;0.268;13.315;0.351;0.428;15.436;0.111;1.182;10.0;0.335;0.815;5.688;-0.486;2.879;12.116;0.303;2.661;9.7;0.732;0.428;15.436;0.111;0.516;16.347;1.579;0.815;5.688;-0.486;0.172;1.249;-2.328
0.13;10.324;0.532;0.127;10.955;0.188;-0.811;6.037;2.47;-0.711;1.523;0.787;0.967;14.804;1.214;2.34;14.948;0.939;-2.444;12.151;0.541;-2.75;9.668;0.84;-1.544;14.853;0.842;-2.444;12.151;0.541;-0.174;14.886;1.162;-1.544;14.853;0.842;0.13;10.324;0.532;1.209;9.98;0.488;2.34;14.948;0.939;2.935;12.084;0.561;0.127;10.955;0.188;0.312;13.286;0.56;-0.947;9.975;0.5;-0.811;6.037;2.47;0.13;10.324;0.532;-0.947;9.975;0.5;0.312;13.286;0.56;0.475;15.411;0.359;1.209;9.98;0.488;0.837;5.685;-0.418;2.935;12.084;0.561;2.709;9.671;1.001;0.475;15.411;0.359;0.555;16.302;1.841;0.837;5.685;-0.418;0.173;1.279;-2.329
0.16;10.284;0.756;0.157;10.914;0.411;-0.766;6.062;2.816;-0.542;1.38;1.701;0.997;14.752;1.49;2.368;14.905;1.214;-2.409;12.114;0.747;-2.738;9.625;0.954;-1.515;14.809;1.118;-2.409;12.114;0.747;-0.144;14.831;1.44;-1.515;14.809;1.118;0.16;10.284;0.756;1.239;9.939;0.713;2.368;14.905;1.214;2.962;12.04;0.843;0.157;10.914;0.411;0.347;13.24;0.819;-0.918;9.935;0.723;-0.766;6.062;2.816;0.16;10.284;0.756;-0.918;9.935;0.723;0.347;13.24;0.819;0.503;15.368;0.643;1.239;9.939;0.713;0.858;5.671;-0.305;2.962;12.04;0.843;2.717;9.635;1.315;0.503;15.368;0.643;0.577;16.245;2.133;0.858;5.671;-0.305;0.177;1.318;-2.329
0.191;10.231;1.005;0.188;10.862;0.66;-0.718;6.076;3.184;-0.396;1.289;2.733;1.029;14.685;1.798;2.4;14.849;1.527;-2.373;12.065;0.99;-2.73;9.574;1.098;-1.484;14.752;1.43;-2.373;12.065;0.99;-0.112;14.761;1.749;-1.484;14.752;1.43;0.191;10.231;1.005;1.27;9.886;0.959;2.4;14.849;1.527;3.002;11.985;1.157;0.188;10.862;0.66;0.385;13.18;1.107;-0.886;9.883;0.974;-0.718;6.076;3.184;0.191;10.231;1.005;-0.886;9.883;0.974;0.385;13.18;1.107;0.532;15.31;0.959;1.27;9.886;0.959;0.878;5.647;-0.171;3.002;11.985;1.157;2.744;9.585;1.65;0.532;15.31;0.959;0.6;16.172;2.459;0.878;5.647;-0.171;0.177;1.358;-2.322
0.215;10.159;1.287;0.209;10.791;0.944;-0.673;6.058;3.561;-0.266;1.26;3.736;1.054;14.601;2.129;2.425;14.771;1.858;-2.342;12.001;1.26;-2.724;9.511;1.264;-1.46;14.677;1.771;-2.342;12.001;1.26;-0.087;14.674;2.085;-1.46;14.677;1.771;0.215;10.159;1.287;1.293;9.814;1.234;2.425;14.771;1.858;3.028;11.907;1.49;0.209;10.791;0.944;0.412;13.101;1.424;-0.863;9.811;1.263;-0.673;6.058;3.561;0.215;10.159;1.287;-0.863;9.811;1.263;0.412;13.101;1.424;0.553;15.234;1.299;1.293;9.814;1.234;0.889;5.607;-0.005;3.028;11.907;1.49;2.763;9.512;2.001;0.553;15.234;1.299;0.619;16.08;2.807;0.889;5.607;-0.005;0.172;1.4;-2.308
0.228;10.08;1.595;0.22;10.713;1.254;-0.624;6.003;3.913;-0.139;1.25;4.539;1.062;14.51;2.491;2.431;14.683;2.21;-2.32;11.923;1.563;-2.716;9.437;1.471;-1.453;14.59;2.144;-2.32;11.923;1.563;-0.08;14.577;2.453;-1.453;14.59;2.144;0.228;10.08;1.595;1.306;9.735;1.53;2.431;14.683;2.21;3.037;11.823;1.824;0.22;10.713;1.254;0.424;13.015;1.771;-0.85;9.733;1.581;-0.624;6.003;3.913;0.228;10.08;1.595;-0.85;9.733;1.581;0.424;13.015;1.771;0.554;15.15;1.671;1.306;9.735;1.53;0.887;5.556;0.202;3.037;11.823;1.824;2.785;9.425;2.33;0.554;15.15;1.671;0.623;15.977;3.189;0.887;5.556;0.202;0.158;1.451;-2.274
0.24;10.021;1.988;0.229;10.655;1.649;-0.557;5.935;4.294;0.002;1.215;5.09;1.056;14.452;2.9;2.42;14.628;2.6;-2.298;11.859;1.918;-2.698;9.379;1.732;-1.461;14.521;2.566;-2.298;11.859;1.918;-0.086;14.51;2.871;-1.461;14.521;2.566;0.24;10.021;1.988;1.317;9.675;1.911;2.42;14.628;2.6;3.027;11.769;2.198;0.229;10.655;1.649;0.426;12.955;2.18;-0.838;9.674;1.983;-0.557;5.935;4.294;0.24;10.021;1.988;-0.838;9.674;1.983;0.426;12.955;2.18;0.536;15.091;2.086;1.317;9.675;1.911;0.9;5.528;0.487;3.027;11.769;2.198;2.796;9.368;2.696;0.536;15.091;2.086;0.612;15.901;3.613;0.9;5.528;0.487;0.194;1.577;-2.234
0.259;9.987;2.431;0.244;10.622;2.094;-0.494;5.838;4.636;0.098;1.101;5.291;1.058;14.421;3.355;2.421;14.593;3.05;-2.27;11.823;2.322;-2.671;9.349;2.07;-1.459;14.48;3.016;-2.27;11.823;2.322;-0.085;14.471;3.326;-1.459;14.48;3.016;0.259;9.987;2.431;1.334;9.641;2.339;2.421;14.593;3.05;3.024;11.741;2.604;0.244;10.622;2.094;0.436;12.921;2.632;-0.82;9.641;2.438;-0.494;5.838;4.636;0.259;9.987;2.431;-0.82;9.641;2.438;0.436;12.921;2.632;0.533;15.057;2.541;1.334;9.641;2.339;0.926;5.509;0.867;3.024;11.741;2.604;2.821;9.326;3.047;0.533;15.057;2.541;0.611;15.858;4.074;0.926;5.509;0.867;0.256;1.753;-2.124
0.275;9.999;2.936;0.256;10.635;2.602;-0.439;5.767;4.997;0.161;0.997;5.331;1.043;14.448;3.838;2.405;14.618;3.526;-2.254;11.838;2.756;-2.655;9.372;2.436;-1.473;14.492;3.496;-2.254;11.838;2.756;-0.101;14.489;3.809;-1.473;14.492;3.496;0.275;9.999;2.936;1.349;9.653;2.83;2.405;14.618;3.526;3.01;11.775;3.027;0.256;10.635;2.602;0.434;12.938;3.126;-0.804;9.653;2.956;-0.439;5.767;4.997;0.275;9.999;2.936;-0.804;9.653;2.956;0.434;12.938;3.126;0.513;15.075;3.02;1.349;9.653;2.83;0.928;5.525;1.352;3.01;11.775;3.027;2.85;9.345;3.399;0.513;15.075;3.02;0.591;15.882;4.549;0.928;5.525;1.352;0.285;2.056;-1.975
0.304;10.052;3.509;0.285;10.688;3.175;-0.407;5.734;5.395;0.176;0.951;5.405;1.033;14.527;4.351;2.392;14.695;4.025;-2.239;11.893;3.262;-2.633;9.43;2.913;-1.484;14.551;4.015;-2.239;11.893;3.262;-0.111;14.556;4.324;-1.484;14.551;4.015;0.304;10.052;3.509;1.378;9.705;3.407;2.392;14.695;4.025;2.997;11.864;3.462;0.285;10.688;3.175;0.438;13.0;3.664;-0.775;9.706;3.526;-0.407;5.734;5.395;0.304;10.052;3.509;-0.775;9.706;3.526;0.438;13.0;3.664;0.495;15.136;3.525;1.378;9.705;3.407;0.971;5.551;2.001;2.997;11.864;3.462;2.883;9.421;3.757;0.495;15.136;3.525;0.574;15.963;5.043;0.971;5.551;2.001;0.443;2.473;-1.709
0.329;10.095;4.041;0.312;10.73;3.705;-0.391;5.685;5.712;0.181;0.908;5.436;1.022;14.592;4.832;2.377;14.763;4.489;-2.233;11.92;3.797;-2.614;9.452;3.466;-1.499;14.593;4.516;-2.233;11.92;3.797;-0.122;14.607;4.811;-1.499;14.593;4.516;0.329;10.095;4.041;1.403;9.748;3.946;2.377;14.763;4.489;2.993;11.943;3.882;0.312;10.73;3.705;0.441;13.049;4.167;-0.75;9.749;4.052;-0.391;5.685;5.712;0.329;10.095;4.041;-0.75;9.749;4.052;0.441;13.049;4.167;0.473;15.183;4.001;1.403;9.748;3.946;1.003;5.523;2.766;2.993;11.943;3.882;2.925;9.493;4.129;0.473;15.183;4.001;0.558;16.022;5.513;1.003;5.523;2.766;0.578;2.751;-1.19
0.358;10.162;4.6;0.348;10.795;4.26;-0.387;5.65;5.984;0.189;0.896;5.445;1.027;14.682;5.316;2.375;14.85;4.95;-2.223;11.964;4.384;-2.59;9.486;4.126;-1.497;14.66;5.022;-2.223;11.964;4.384;-0.118;14.686;5.301;-1.497;14.66;5.022;0.358;10.162;4.6;1.434;9.815;4.527;2.375;14.85;4.95;2.999;12.037;4.32;0.348;10.795;4.26;0.456;13.123;4.68;-0.721;9.815;4.592;-0.387;5.65;5.984;0.358;10.162;4.6;-0.721;9.815;4.592;0.456;13.123;4.68;0.467;15.255;4.479;1.434;9.815;4.527;1.046;5.504;3.711;2.999;12.037;4.32;2.97;9.584;4.548;0.467;15.255;4.479;0.561;16.103;5.984;1.046;5.504;3.711;0.78;3.072;-0.476
0.391;10.248;5.14;0.388;10.878;4.796;-0.388;5.642;6.196;0.197;0.918;5.448;1.048;14.786;5.783;2.388;14.95;5.385;-2.212;12.026;5.002;-2.572;9.538;4.85;-1.481;14.745;5.526;-2.212;12.026;5.002;-0.097;14.782;5.781;-1.481;14.745;5.526;0.391;10.248;5.14;1.468;9.901;5.093;2.388;14.95;5.385;3.019;12.136;4.766;0.388;10.878;4.796;0.483;13.214;5.176;-0.688;9.9;5.111;-0.388;5.642;6.196;0.391;10.248;5.14;-0.688;9.9;5.111;0.483;13.214;5.176;0.475;15.342;4.945;1.468;9.901;5.093;1.141;5.52;4.779;3.019;12.136;4.766;3.027;9.685;5.018;0.475;15.342;4.945;0.584;16.194;6.447;1.141;5.52;4.779;1.05;3.292;0.473
0.403;10.321;5.606;0.399;10.952;5.262;-0.393;5.644;6.337;0.185;0.946;5.43;1.074;14.868;6.214;2.4;15.031;5.771;-2.209;12.08;5.643;-2.55;9.584;5.637;-1.461;14.818;6.023;-2.209;12.08;5.643;-0.071;14.858;6.24;-1.461;14.818;6.023;0.403;10.321;5.606;1.48;9.974;5.556;2.4;15.031;5.771;3.044;12.217;5.164;0.399;10.952;5.262;0.502;13.289;5.632;-0.676;9.974;5.578;-0.393;5.644;6.337;0.403;10.321;5.606;-0.676;9.974;5.578;0.502;13.289;5.632;0.478;15.416;5.386;1.48;9.974;5.556;1.245;5.582;5.792;3.044;12.217;5.164;3.091;9.773;5.465;0.478;15.416;5.386;0.623;16.263;6.887;1.245;5.582;5.792;1.093;3.166;1.591
0.419;10.401;6.057;0.416;11.032;5.713;-0.401;5.677;6.455;0.173;1.006;5.418;1.112;14.948;6.654;2.425;15.111;6.175;-2.19;12.148;6.299;-2.5;9.653;6.459;-1.427;14.9;6.521;-2.19;12.148;6.299;-0.032;14.938;6.702;-1.427;14.9;6.521;0.419;10.401;6.057;1.497;10.054;6.009;2.425;15.111;6.175;3.082;12.299;5.578;0.416;11.032;5.713;0.53;13.368;6.086;-0.659;10.054;6.029;-0.401;5.677;6.455;0.419;10.401;6.057;-0.659;10.054;6.029;0.53;13.368;6.086;0.5;15.494;5.836;1.497;10.054;6.009;1.387;5.723;6.799;3.082;12.299;5.578;3.161;9.861;5.927;0.5;15.494;5.836;0.674;16.332;7.34;1.387;5.723;6.799;1.217;2.878;2.876
0.45;10.443;6.518;0.447;11.073;6.174;-0.397;5.698;6.589;0.166;1.06;5.408;1.16;14.99;7.107;2.463;15.152;6.598;-2.163;12.197;6.957;-2.439;9.715;7.288;-1.382;14.952;7.021;-2.163;12.197;6.957;0.018;14.98;7.173;-1.382;14.952;7.021;0.45;10.443;6.518;1.528;10.096;6.471;2.463;15.152;6.598;3.128;12.339;6.01;0.447;11.073;6.174;0.569;13.408;6.552;-0.629;10.095;6.489;-0.397;5.698;6.589;0.45;10.443;6.518;-0.629;10.095;6.489;0.569;13.408;6.552;0.536;15.534;6.297;1.528;10.096;6.471;1.555;5.892;7.784;3.128;12.339;6.01;3.232;9.91;6.407;0.536;15.534;6.297;0.737;16.368;7.8;1.555;5.892;7.784;1.378;2.41;4.414
0.484;10.444;6.967;0.479;11.076;6.623;-0.384;5.702;6.746;0.166;1.103;5.416;1.218;14.982;7.576;2.51;15.143;7.042;-2.128;12.222;7.605;-2.36;9.759;8.078;-1.326;14.971;7.545;-2.128;12.222;7.605;0.077;14.978;7.661;-1.326;14.971;7.545;0.484;10.444;6.967;1.561;10.098;6.915;2.51;15.143;7.042;3.173;12.331;6.447;0.479;11.076;6.623;0.609;13.407;7.023;-0.595;10.097;6.941;-0.384;5.702;6.746;0.484;10.444;6.967;-0.595;10.097;6.941;0.609;13.407;7.023;0.583;15.533;6.78;1.561;10.098;6.915;1.739;6.037;8.611;3.173;12.331;6.447;3.294;9.907;6.87;0.583;15.533;6.78;0.815;16.361;8.282;1.739;6.037;8.611;1.555;1.933;6.035
0.53;10.394;7.43;0.524;11.025;7.088;-0.358;5.67;6.948;0.175;1.128;5.429;1.281;14.922;8.063;2.568;15.079;7.516;-2.08;12.203;8.272;-2.257;9.773;8.912;-1.265;14.941;8.065;-2.08;12.203;8.272;0.14;14.925;8.157;-1.265;14.941;8.065;0.53;10.394;7.43;1.607;10.047;7.373;2.568;15.079;7.516;3.226;12.266;6.919;0.524;11.025;7.088;0.657;13.352;7.509;-0.549;10.047;7.409;-0.358;5.67;6.948;0.53;10.394;7.43;-0.549;10.047;7.409;0.657;13.352;7.509;0.643;15.48;7.274;1.607;10.047;7.373;1.916;6.105;9.313;3.226;12.266;6.919;3.356;9.846;7.357;0.643;15.48;7.274;0.895;16.305;8.774;1.916;6.105;9.313;1.75;1.533;7.705
0.6;10.308;7.913;0.592;10.94;7.571;-0.316;5.616;7.195;0.183;1.152;5.448;1.362;14.825;8.572;2.65;14.98;8.025;-2.012;12.155;8.93;-2.139;9.766;9.719;-1.183;14.876;8.592;-2.012;12.155;8.93;0.222;14.836;8.669;-1.183;14.876;8.592;0.6;10.308;7.913;1.677;9.961;7.849;2.65;14.98;8.025;3.297;12.168;7.411;0.592;10.94;7.571;0.725;13.263;8.012;-0.479;9.961;7.897;-0.316;5.616;7.195;0.6;10.308;7.913;-0.479;9.961;7.897;0.725;13.263;8.012;0.726;15.392;7.788;1.677;9.961;7.849;2.083;6.096;9.923;3.297;12.168;7.411;3.429;9.745;7.835;0.726;15.392;7.788;0.992;16.216;9.286;2.083;6.096;9.923;1.961;1.286;9.323
0.68;10.2;8.401;0.671;10.832;8.06;-0.273;5.546;7.475;0.179;1.191;5.462;1.451;14.705;9.097;2.742;14.852;8.555;-1.931;12.079;9.566;-2.009;9.736;10.487;-1.094;14.782;9.118;-1.931;12.079;9.566;0.311;14.723;9.193;-1.094;14.782;9.118;0.68;10.2;8.401;1.757;9.853;8.333;2.742;14.852;8.555;3.365;12.04;7.919;0.671;10.832;8.06;0.804;13.151;8.527;-0.399;9.853;8.389;-0.273;5.546;7.475;0.68;10.2;8.401;-0.399;9.853;8.389;0.804;13.151;8.527;0.82;15.281;8.315;1.757;9.853;8.333;2.206;6.042;10.496;3.365;12.04;7.919;3.487;9.611;8.312;0.82;15.281;8.315;1.095;16.103;9.813;2.206;6.042;10.496;2.133;1.204;10.813
0.785;10.11;8.926;0.777;10.742;8.584;-0.217;5.496;7.821;0.172;1.294;5.494;1.57;14.604;9.648;2.864;14.737;9.11;-1.817;12.012;10.182;-1.865;9.707;11.196;-0.974;14.699;9.66;-1.817;12.012;10.182;0.429;14.629;9.74;-0.974;14.699;9.66;0.785;10.11;8.926;1.862;9.764;8.862;2.864;14.737;9.11;3.446;11.921;8.45;0.777;10.742;8.584;0.914;13.057;9.068;-0.294;9.763;8.91;-0.217;5.496;7.821;0.785;10.11;8.926;-0.294;9.763;8.91;0.914;13.057;9.068;0.945;15.188;8.867;1.862;9.764;8.862;2.282;6.0;11.111;3.446;11.921;8.45;3.548;9.484;8.794;0.945;15.188;8.867;1.223;16.01;10.364;2.282;6.0;11.111;2.213;1.248;12.075
0.897;10.047;9.507;0.892;10.679;9.164;-0.158;5.465;8.27;0.162;1.474;5.589;1.709;14.536;10.222;3.008;14.647;9.69;-1.679;11.966;10.759;-1.715;9.678;11.813;-0.834;14.648;10.217;-1.679;11.966;10.759;0.568;14.571;10.309;-0.834;14.648;10.217;0.897;10.047;9.507;1.975;9.701;9.456;3.008;14.647;9.69;3.536;11.826;9.01;0.892;10.679;9.164;1.043;12.994;9.642;-0.181;9.7;9.482;-0.158;5.465;8.27;0.897;10.047;9.507;-0.181;9.7;9.482;1.043;12.994;9.642;1.094;15.124;9.437;1.975;9.701;9.456;2.304;5.912;11.677;3.536;11.826;9.01;3.61;9.381;9.302;1.094;15.124;9.437;1.369;15.951;10.932;2.304;5.912;11.677;2.18;1.162;12.648
1.049;10.01;10.167;1.048;10.641;9.822;-0.074;5.446;8.859;0.153;1.75;5.774;1.879;14.507;10.827;3.179;14.597;10.293;-1.517;11.948;11.315;-1.569;9.658;12.362;-0.662;14.633;10.799;-1.517;11.948;11.315;0.739;14.551;10.908;-0.662;14.633;10.799;1.049;10.01;10.167;2.127;9.665;10.129;3.179;14.597;10.293;3.645;11.771;9.588;1.048;10.641;9.822;1.205;12.963;10.261;-0.029;9.663;10.13;-0.074;5.446;8.859;1.049;10.01;10.167;-0.029;9.663;10.13;1.205;12.963;10.261;1.271;15.09;10.032;2.127;9.665;10.129;2.354;5.813;12.255;3.645;11.771;9.588;3.688;9.319;9.823;1.271;15.09;10.032;1.541;15.935;11.518;2.354;5.813;12.255;2.178;1.002;12.833
1.202;10.038;10.842;1.202;10.668;10.496;0.034;5.458;9.584;0.157;2.156;6.077;2.055;14.541;11.449;3.358;14.611;10.919;-1.345;11.986;11.84;-1.434;9.668;12.823;-0.485;14.682;11.4;-1.345;11.986;11.84;0.915;14.595;11.525;-0.485;14.682;11.4;1.202;10.038;10.842;2.28;9.693;10.808;3.358;14.611;10.919;3.773;11.78;10.202;1.202;10.668;10.496;1.372;12.996;10.898;0.124;9.69;10.802;0.034;5.458;9.584;1.202;10.038;10.842;0.124;9.69;10.802;1.372;12.996;10.898;1.455;15.121;10.646;2.28;9.693;10.808;2.433;5.782;12.829;3.773;11.78;10.202;3.791;9.324;10.386;1.455;15.121;10.646;1.719;15.984;12.122;2.433;5.782;12.829;2.23;0.939;12.957
1.356;10.095;11.498;1.351;10.726;11.154;0.184;5.457;10.48;0.173;2.579;6.614;2.223;14.604;12.063;3.528;14.658;11.538;-1.176;12.046;12.356;-1.305;9.691;13.242;-0.316;14.755;12.008;-1.176;12.046;12.356;1.083;14.666;12.138;-0.316;14.755;12.008;1.356;10.095;11.498;2.434;9.75;11.448;3.528;14.658;11.538;3.912;11.819;10.834;1.351;10.726;11.154;1.53;13.059;11.524;0.277;9.748;11.471;0.184;5.457;10.48;1.356;10.095;11.498;0.277;9.748;11.471;1.53;13.059;11.524;1.627;15.181;11.255;2.434;9.75;11.448;2.52;5.75;13.29;3.912;11.819;10.834;3.915;9.361;10.995;1.627;15.181;11.255;1.892;16.058;12.723;2.52;5.75;13.29;2.245;0.917;13.001
1.506;10.177;12.126;1.496;10.809;11.785;0.357;5.466;11.522;0.205;2.922;7.431;2.372;14.692;12.663;3.686;14.733;12.161;-1.015;12.12;12.829;-1.185;9.728;13.6;-0.167;14.844;12.583;-1.015;12.12;12.829;1.231;14.758;12.727;-0.167;14.844;12.583;1.506;10.177;12.126;2.583;9.831;12.057;3.686;14.733;12.161;4.074;11.884;11.504;1.496;10.809;11.785;1.678;13.146;12.127;0.427;9.829;12.115;0.357;5.466;11.522;1.506;10.177;12.126;0.427;9.829;12.115;1.678;13.146;12.127;1.785;15.266;11.846;2.583;9.831;12.057;2.609;5.719;13.637;4.074;11.884;11.504;4.079;9.427;11.679;1.785;15.266;11.846;2.042;16.151;13.31;2.609;5.719;13.637;2.239;0.927;12.994
1.637;10.289;12.705;1.625;10.923;12.366;0.541;5.538;12.661;0.316;3.016;8.561;2.49;14.808;13.234;3.817;14.844;12.766;-0.872;12.214;13.26;-1.077;9.793;13.923;-0.047;14.953;13.11;-0.872;12.214;13.26;1.348;14.876;13.278;-0.047;14.953;13.11;1.637;10.289;12.705;2.713;9.943;12.626;3.817;14.844;12.766;4.234;11.984;12.181;1.625;10.923;12.366;1.804;13.262;12.689;0.558;9.943;12.702;0.541;5.538;12.661;1.637;10.289;12.705;0.558;9.943;12.702;1.804;13.262;12.689;1.919;15.381;12.406;2.713;9.943;12.626;2.685;5.723;13.887;4.234;11.984;12.181;4.248;9.53;12.406;1.919;15.381;12.406;2.159;16.262;13.876;2.685;5.723;13.887;2.239;0.982;12.971
1.77;10.411;13.263;1.756;11.045;12.925;0.746;5.695;13.824;0.513;2.886;9.915;2.601;14.935;13.791;3.944;14.976;13.37;-0.743;12.324;13.66;-0.99;9.883;14.228;0.068;15.07;13.6;-0.743;12.324;13.66;1.459;15.001;13.806;0.068;15.07;13.6;1.77;10.411;13.263;2.846;10.064;13.176;3.944;14.976;13.37;4.411;12.105;12.881;1.756;11.045;12.925;1.931;13.387;13.232;0.691;10.064;13.267;0.746;5.695;13.824;1.77;10.411;13.263;0.691;10.064;13.267;1.931;13.387;13.232;2.05;15.505;12.947;2.846;10.064;13.176;2.765;5.754;14.08;4.411;12.105;12.881;4.435;9.662;13.2;2.05;15.505;12.947;2.262;16.38;14.425;2.765;5.754;14.08;2.244;1.066;12.958
1.896;10.503;13.782;1.878;11.138;13.447;0.935;5.886;14.87;0.727;2.562;11.386;2.7;15.032;14.325;4.055;15.093;13.948;-0.64;12.411;14.036;-0.934;9.954;14.509;0.172;15.157;14.07;-0.64;12.411;14.036;1.557;15.092;14.314;0.172;15.157;14.07;1.896;10.503;13.782;2.97;10.156;13.679;4.055;15.093;13.948;4.588;12.215;13.578;1.878;11.138;13.447;2.051;13.481;13.749;0.817;10.156;13.799;0.935;5.886;14.87;1.896;10.503;13.782;0.817;10.156;13.799;2.051;13.481;13.749;2.165;15.6;13.469;2.97;10.156;13.679;2.842;5.787;14.221;4.588;12.215;13.578;4.62;9.794;14.03;2.165;15.6;13.469;2.345;16.465;14.957;2.842;5.787;14.221;2.238;1.148;12.943
2.006;10.554;14.279;1.982;11.192;13.948;1.095;6.066;15.8;0.957;2.126;13.029;2.795;15.083;14.856;4.159;15.169;14.518;-0.549;12.462;14.418;-0.894;9.995;14.789;0.273;15.202;14.553;-0.549;12.462;14.418;1.652;15.137;14.827;0.273;15.202;14.553;2.006;10.554;14.279;3.078;10.208;14.155;4.159;15.169;14.518;4.763;12.293;14.271;1.982;11.192;13.948;2.164;13.532;14.261;0.927;10.209;14.314;1.095;6.066;15.8;2.006;10.554;14.279;0.927;10.209;14.314;2.164;13.532;14.261;2.271;15.654;13.995;3.078;10.208;14.155;2.913;5.811;14.353;4.763;12.293;14.271;4.798;9.904;14.874;2.271;15.654;13.995;2.426;16.505;15.494;2.913;5.811;14.353;2.231;1.224;12.935
2.118;10.531;14.778;2.088;11.17;14.451;1.234;6.151;16.587;1.224;1.687;14.769;2.893;15.059;15.386;4.259;15.173;15.062;-0.468;12.445;14.829;-0.868;9.971;15.076;0.373;15.173;15.071;-0.468;12.445;14.829;1.75;15.106;15.354;0.373;15.173;15.071;2.118;10.531;14.778;3.187;10.185;14.632;4.259;15.173;15.062;4.931;12.303;14.949;2.088;11.17;14.451;2.275;13.508;14.778;1.04;10.186;14.831;1.234;6.151;16.587;2.118;10.531;14.778;1.04;10.186;14.831;2.275;13.508;14.778;2.368;15.633;14.528;3.187;10.185;14.632;2.977;5.786;14.522;4.931;12.303;14.949;4.967;9.969;15.735;2.368;15.633;14.528;2.509;16.473;16.034;2.977;5.786;14.522;2.221;1.269;12.93
2.217;10.448;15.301;2.183;11.089;14.977;1.359;6.153;17.305;1.528;1.391;16.585;2.986;14.978;15.922;4.348;15.116;15.596;-0.384;12.374;15.263;-0.826;9.897;15.375;0.464;15.086;15.617;-0.384;12.374;15.263;1.842;15.017;15.896;0.464;15.086;15.617;2.217;10.448;15.301;3.284;10.102;15.137;4.348;15.116;15.596;5.089;12.261;15.619;2.183;11.089;14.977;2.374;13.426;15.31;1.14;10.103;15.369;1.359;6.153;17.305;2.217;10.448;15.301;1.14;10.103;15.369;2.374;13.426;15.31;2.453;15.552;15.069;3.284;10.102;15.137;3.027;5.72;14.765;5.089;12.261;15.619;5.131;9.999;16.593;2.453;15.552;15.069;2.589;16.389;16.577;3.027;5.72;14.765;2.207;1.304;12.938
2.3;10.315;15.849;2.263;10.956;15.526;1.495;6.079;17.971;1.902;1.289;18.301;3.066;14.847;16.47;4.422;15.005;16.13;-0.306;12.249;15.746;-0.777;9.774;15.73;0.54;14.948;16.197;-0.306;12.249;15.746;1.922;14.88;16.457;0.54;14.948;16.197;2.3;10.315;15.849;3.365;9.969;15.676;4.422;15.005;16.13;5.227;12.17;16.272;2.263;10.956;15.526;2.455;13.293;15.862;1.223;9.97;15.924;1.495;6.079;17.971;2.3;10.315;15.849;1.223;9.97;15.924;2.455;13.293;15.862;2.519;15.419;15.624;3.365;9.969;15.676;3.064;5.612;15.101;5.227;12.17;16.272;5.284;9.989;17.416;2.519;15.419;15.624;2.66;16.26;17.13;3.064;5.612;15.101;2.199;1.342;12.972
2.38;10.168;16.432;2.344;10.809;16.11;1.64;5.988;18.647;2.253;1.346;19.786;3.136;14.705;17.042;4.487;14.875;16.684;-0.22;12.1;16.269;-0.709;9.633;16.13;0.605;14.79;16.806;-0.22;12.1;16.269;1.992;14.731;17.043;0.605;14.79;16.806;2.38;10.168;16.432;3.446;9.822;16.261;4.487;14.875;16.684;5.345;12.062;16.908;2.344;10.809;16.11;2.528;13.147;16.44;1.303;9.823;16.507;1.64;5.988;18.647;2.38;10.168;16.432;1.303;9.823;16.507;2.528;13.147;16.44;2.577;15.275;16.204;3.446;9.822;16.261;3.112;5.489;15.544;5.345;12.062;16.908;5.426;9.952;18.175;2.577;15.275;16.204;2.723;16.12;17.706;3.112;5.489;15.544;2.236;1.423;13.052
2.458;10.064;17.054;2.418;10.706;16.733;1.818;5.889;19.269;2.557;1.313;20.589;3.197;14.609;17.642;4.54;14.782;17.259;-0.132;11.985;16.847;-0.622;9.526;16.604;0.661;14.67;17.45;-0.132;11.985;16.847;2.052;14.628;17.66;0.661;14.67;17.45;2.458;10.064;17.054;3.521;9.718;16.87;4.54;14.782;17.259;5.429;11.982;17.517;2.418;10.706;16.733;2.589;13.047;17.051;1.382;9.719;17.139;1.818;5.889;19.269;2.458;10.064;17.054;1.382;9.719;17.139;2.589;13.047;17.051;2.621;15.174;16.812;3.521;9.718;16.87;3.178;5.41;16.018;5.429;11.982;17.517;5.54;9.917;18.855;2.621;15.174;16.812;2.779;16.025;18.31;3.178;5.41;16.018;2.291;1.61;13.139
2.536;9.988;17.756;2.489;10.632;17.441;2.03;5.778;19.897;2.838;1.144;20.943;3.245;14.55;18.288;4.58;14.723;17.874;-0.045;11.903;17.471;-0.521;9.451;17.149;0.707;14.587;18.131;-0.045;11.903;17.471;2.102;14.562;18.324;0.707;14.587;18.131;2.536;9.988;17.756;3.594;9.642;17.546;4.58;14.723;17.874;5.482;11.925;18.115;2.489;10.632;17.441;2.639;12.979;17.721;1.462;9.643;17.863;2.03;5.778;19.897;2.536;9.988;17.756;1.462;9.643;17.863;2.639;12.979;17.721;2.652;15.104;17.461;3.594;9.642;17.546;3.26;5.354;16.595;5.482;11.925;18.115;5.633;9.87;19.466;2.652;15.104;17.461;2.824;15.969;18.95;3.26;5.354;16.595;2.352;1.896;13.319
2.615;9.97;18.472;2.563;10.616;18.161;2.187;5.717;20.524;2.948;1.004;21.176;3.285;14.551;18.945;4.612;14.721;18.504;0.037;11.869;18.133;-0.409;9.415;17.778;0.746;14.558;18.818;0.037;11.869;18.133;2.142;14.553;18.997;0.746;14.558;18.818;2.615;9.97;18.472;3.669;9.625;18.24;4.612;14.721;18.504;5.507;11.916;18.684;2.563;10.616;18.161;2.685;12.969;18.403;1.543;9.625;18.597;2.187;5.717;20.524;2.615;9.97;18.472;1.543;9.625;18.597;2.685;12.969;18.403;2.675;15.091;18.121;3.669;9.625;18.24;3.359;5.341;17.264;5.507;11.916;18.684;5.693;9.836;19.99;2.675;15.091;18.121;2.856;15.973;19.599;3.359;5.341;17.264;2.432;2.317;13.589
2.691;10.006;19.193;2.642;10.652;18.88;2.276;5.682;21.078;2.954;0.915;21.284;3.329;14.603;19.598;4.649;14.766;19.136;0.113;11.877;18.837;-0.296;9.413;18.51;0.788;14.58;19.501;0.113;11.877;18.837;2.186;14.596;19.663;0.788;14.58;19.501;2.691;10.006;19.193;3.748;9.661;18.971;4.649;14.766;19.136;5.514;11.948;19.229;2.642;10.652;18.88;2.736;13.01;19.081;1.618;9.662;19.309;2.276;5.682;21.078;2.691;10.006;19.193;1.618;9.662;19.309;2.736;13.01;19.081;2.705;15.128;18.775;3.748;9.661;18.971;3.481;5.331;18.209;5.514;11.948;19.229;5.722;9.818;20.449;2.705;15.128;18.775;2.885;16.031;20.24;3.481;5.331;18.209;2.627;2.765;14.184
2.752;10.072;19.852;2.707;10.716;19.536;2.336;5.657;21.499;2.965;0.883;21.307;3.384;14.673;20.22;4.696;14.822;19.734;0.183;11.908;19.575;-0.189;9.429;19.328;0.841;14.631;20.174;0.183;11.908;19.575;2.242;14.662;20.305;0.841;14.631;20.174;2.752;10.072;19.852;3.812;9.727;19.65;4.696;14.822;19.734;5.512;11.988;19.736;2.707;10.716;19.536;2.788;13.076;19.716;1.677;9.728;19.953;2.336;5.657;21.499;2.752;10.072;19.852;1.677;9.728;19.953;2.788;13.076;19.716;2.745;15.194;19.407;3.812;9.727;19.65;3.617;5.342;19.274;5.512;11.988;19.736;5.726;9.806;20.86;2.745;15.194;19.407;2.933;16.101;20.869;3.617;5.342;19.274;2.851;3.098;15.044
2.805;10.194;20.492;2.767;10.836;20.171;2.36;5.675;21.828;2.96;0.922;21.3;3.451;14.792;20.83;4.753;14.924;20.31;0.252;11.997;20.359;-0.078;9.502;20.243;0.908;14.741;20.85;0.252;11.997;20.359;2.312;14.782;20.94;0.908;14.741;20.85;2.805;10.194;20.492;3.869;9.848;20.314;4.753;14.924;20.31;5.494;12.071;20.195;2.767;10.836;20.171;2.842;13.197;20.335;1.729;9.849;20.573;2.36;5.675;21.828;2.805;10.194;20.492;1.729;9.849;20.573;2.842;13.197;20.335;2.795;15.316;20.033;3.869;9.848;20.314;3.815;5.448;20.508;5.494;12.071;20.195;5.7;9.832;21.2;2.795;15.316;20.033;3.002;16.215;21.497;3.815;5.448;20.508;3.15;3.15;16.29
2.86;10.331;21.084;2.827;10.971;20.759;2.369;5.719;22.071;2.948;1.002;21.275;3.521;14.926;21.402;4.807;15.049;20.843;0.33;12.107;21.14;0.068;9.603;21.205;0.978;14.875;21.494;0.33;12.107;21.14;2.385;14.917;21.541;0.978;14.875;21.494;2.86;10.331;21.084;3.927;9.985;20.925;4.807;15.049;20.843;5.486;12.188;20.614;2.827;10.971;20.759;2.898;13.333;20.92;1.782;9.986;21.148;2.369;5.719;22.071;2.86;10.331;21.084;1.782;9.986;21.148;2.898;13.333;20.92;2.844;15.453;20.623;3.927;9.985;20.925;4.031;5.649;21.694;5.486;12.188;20.614;5.689;9.904;21.514;2.844;15.453;20.623;3.07;16.347;22.087;4.031;5.649;21.694;3.437;2.993;17.68
2.914;10.433;21.665;2.886;11.072;21.336;2.368;5.754;22.289;2.933;1.081;21.256;3.603;15.02;21.976;4.873;15.14;21.379;0.378;12.229;21.929;0.156;9.735;22.197;1.063;15.003;22.134;0.378;12.229;21.929;2.471;15.019;22.142;1.063;15.003;22.134;2.914;10.433;21.665;3.984;10.087;21.526;4.873;15.14;21.379;5.489;12.277;21.025;2.886;11.072;21.336;2.957;13.433;21.503;1.836;10.089;21.712;2.368;5.754;22.289;2.914;10.433;21.665;1.836;10.089;21.712;2.957;13.433;21.503;2.913;15.554;21.215;3.984;10.087;21.526;4.214;5.868;22.772;5.489;12.277;21.025;5.682;9.952;21.814;2.913;15.554;21.215;3.162;16.441;22.68;4.214;5.868;22.772;3.715;2.638;19.19
2.972;10.487;22.221;2.951;11.123;21.888;2.367;5.77;22.497;2.929;1.149;21.249;3.677;15.062;22.55;4.936;15.187;21.932;0.46;12.294;22.687;0.34;9.829;23.188;1.139;15.076;22.743;0.46;12.294;22.687;2.547;15.069;22.729;1.139;15.076;22.743;2.972;10.487;22.221;4.045;10.14;22.109;4.936;15.187;21.932;5.496;12.337;21.421;2.951;11.123;21.888;3.013;13.484;22.075;1.893;10.142;22.247;2.367;5.77;22.497;2.972;10.487;22.221;1.893;10.142;22.247;3.013;13.484;22.075;2.982;15.607;21.8;4.045;10.14;22.109;4.359;6.065;23.75;5.496;12.337;21.421;5.677;9.964;22.061;2.982;15.607;21.8;3.247;16.486;23.267;4.359;6.065;23.75;4.001;2.157;20.901
3.036;10.469;22.759;3.021;11.103;22.422;2.383;5.739;22.732;2.936;1.189;21.243;3.756;15.029;23.131;5.014;15.157;22.512;0.533;12.302;23.434;0.503;9.899;24.187;1.219;15.081;23.326;0.533;12.302;23.434;2.626;15.045;23.311;1.219;15.081;23.326;3.036;10.469;22.759;4.111;10.122;22.67;5.014;15.157;22.512;5.531;12.326;21.866;3.021;11.103;22.422;3.077;13.461;22.643;1.957;10.123;22.765;2.383;5.739;22.732;3.036;10.469;22.759;1.957;10.123;22.765;3.077;13.461;22.643;3.067;15.586;22.386;4.111;10.122;22.67;4.503;6.174;24.583;5.531;12.326;21.866;5.689;9.918;22.36;3.067;15.586;22.386;3.338;16.457;23.857;4.503;6.174;24.583;4.277;1.714;22.694
3.106;10.38;23.316;3.096;11.013;22.976;2.424;5.654;23.058;2.952;1.216;21.258;3.835;14.926;23.735;5.096;15.056;23.123;0.615;12.242;24.189;0.675;9.937;25.201;1.297;15.01;23.91;0.615;12.242;24.189;2.704;14.951;23.906;1.297;15.01;23.91;3.106;10.38;23.316;4.182;10.033;23.244;5.096;15.056;23.123;5.58;12.25;22.355;3.096;11.013;22.976;3.145;13.367;23.232;2.027;10.034;23.308;2.424;5.654;23.058;3.106;10.38;23.316;2.027;10.034;23.308;3.145;13.367;23.232;3.156;15.494;22.988;4.182;10.033;23.244;4.636;6.196;25.36;5.58;12.25;22.355;5.721;9.814;22.696;3.156;15.494;22.988;3.425;16.36;24.462;4.636;6.196;25.36;4.519;1.422;24.519
3.194;10.261;23.907;3.186;10.894;23.565;2.491;5.542;23.516;2.949;1.262;21.35;3.928;14.8;24.352;5.192;14.925;23.746;0.718;12.153;24.93;0.853;9.954;26.152;1.39;14.905;24.508;0.718;12.153;24.93;2.796;14.832;24.517;1.39;14.905;24.508;3.194;10.261;23.907;4.271;9.915;23.843;5.192;14.925;23.746;5.64;12.14;22.881;3.186;10.894;23.565;3.232;13.245;23.846;2.115;9.915;23.891;2.491;5.542;23.516;3.194;10.261;23.907;2.115;9.915;23.891;3.232;13.245;23.846;3.257;15.372;23.602;4.271;9.915;23.843;4.756;6.177;26.123;5.64;12.14;22.881;5.765;9.687;23.071;3.257;15.372;23.602;3.522;16.247;25.07;4.756;6.177;26.123;4.717;1.328;26.133
3.306;10.159;24.529;3.3;10.79;24.186;2.561;5.445;24.037;2.918;1.366;21.495;4.054;14.691;24.988;5.318;14.803;24.38;0.835;12.09;25.663;0.999;9.992;27.046;1.516;14.819;25.122;0.835;12.09;25.663;2.921;14.732;25.148;1.516;14.819;25.122;3.306;10.159;24.529;4.383;9.812;24.473;5.318;14.803;24.38;5.718;12.037;23.437;3.3;10.79;24.186;3.348;13.14;24.483;2.227;9.812;24.507;2.561;5.445;24.037;3.306;10.159;24.529;2.227;9.812;24.507;3.348;13.14;24.483;3.389;15.265;24.233;4.383;9.812;24.473;4.818;6.174;26.917;5.718;12.037;23.437;5.819;9.577;23.488;3.389;15.265;24.233;3.649;16.151;25.696;4.818;6.174;26.917;4.778;1.358;27.481
3.421;10.057;25.209;3.415;10.689;24.867;2.638;5.357;24.589;2.87;1.576;21.61;4.175;14.594;25.64;5.438;14.698;25.027;0.957;12.019;26.35;1.14;9.967;27.799;1.639;14.74;25.774;0.957;12.019;26.35;3.043;14.64;25.803;1.639;14.74;25.774;3.421;10.057;25.209;4.498;9.71;25.15;5.438;14.698;25.027;5.808;11.944;24.04;3.415;10.689;24.867;3.463;13.04;25.154;2.342;9.711;25.19;2.638;5.357;24.589;3.421;10.057;25.209;2.342;9.711;25.19;3.463;13.04;25.154;3.51;15.162;24.881;4.498;9.71;25.15;4.815;5.993;27.492;5.808;11.944;24.04;5.897;9.482;23.998;3.51;15.162;24.881;3.773;16.07;26.331;4.815;5.993;27.492;4.673;1.162;27.883
3.551;9.991;25.925;3.547;10.622;25.581;2.702;5.31;25.147;2.828;1.932;21.713;4.317;14.536;26.297;5.584;14.63;25.689;1.095;11.978;26.961;1.263;9.933;28.421;1.782;14.702;26.403;1.095;11.978;26.961;3.185;14.59;26.452;1.782;14.702;26.403;3.551;9.991;25.925;4.628;9.645;25.876;5.584;14.63;25.689;5.939;11.871;24.707;3.547;10.622;25.581;3.601;12.977;25.834;2.472;9.645;25.897;2.702;5.31;25.147;3.551;9.991;25.925;2.472;9.645;25.897;3.601;12.977;25.834;3.66;15.094;25.524;4.628;9.645;25.876;4.832;5.92;28.218;5.939;11.871;24.707;6.016;9.41;24.634;3.66;15.094;25.524;3.912;16.024;26.962;4.832;5.92;28.218;4.622;1.088;28.564
3.67;10.003;26.662;3.666;10.634;26.319;2.806;5.311;25.95;2.857;2.316;22.175;4.463;14.555;26.963;5.727;14.634;26.349;1.239;12.007;27.581;1.372;9.927;28.996;1.929;14.738;27.064;1.239;12.007;27.581;3.331;14.619;27.121;1.929;14.738;27.064;3.67;10.003;26.662;4.748;9.656;26.607;5.727;14.634;26.349;6.076;11.86;25.41;3.666;10.634;26.319;3.736;12.992;26.531;2.592;9.656;26.638;2.806;5.311;25.95;3.67;10.003;26.662;2.592;9.656;26.638;3.736;12.992;26.531;3.806;15.103;26.182;4.748;9.656;26.607;4.855;5.821;28.771;6.076;11.86;25.41;6.152;9.398;25.359;3.806;15.103;26.182;4.062;16.051;27.607;4.855;5.821;28.771;4.565;0.981;28.739
3.799;10.091;27.372;3.79;10.724;27.031;2.847;5.364;26.925;2.745;2.654;22.941;4.604;14.651;27.613;5.868;14.709;26.995;1.396;12.085;28.134;1.485;9.925;29.426;2.071;14.836;27.71;1.396;12.085;28.134;3.473;14.722;27.772;2.071;14.836;27.71;3.799;10.091;27.372;4.876;9.744;27.3;5.868;14.709;26.995;6.227;11.908;26.146;3.79;10.724;27.031;3.87;13.085;27.206;2.72;9.745;27.362;2.847;5.364;26.925;3.799;10.091;27.372;2.72;9.745;27.362;3.87;13.085;27.206;3.948;15.19;26.825;4.876;9.744;27.3;4.923;5.787;29.235;6.227;11.908;26.146;6.31;9.446;26.169;3.948;15.19;26.825;4.206;16.145;28.245;4.923;5.787;29.235;4.57;0.969;28.82
3.924;10.192;28.03;3.909;10.826;27.693;3.04;5.446;27.978;2.907;2.886;23.897;4.72;14.758;28.241;5.987;14.801;27.629;1.54;12.159;28.652;1.593;9.915;29.794;2.186;14.932;28.334;1.54;12.159;28.652;3.589;14.83;28.399;2.186;14.932;28.334;3.924;10.192;28.03;4.999;9.845;27.936;5.987;14.801;27.629;6.383;11.967;26.914;3.909;10.826;27.693;3.986;13.189;27.846;2.845;9.846;28.039;3.04;5.446;27.978;3.924;10.192;28.03;2.845;9.846;28.039;3.986;13.189;27.846;4.065;15.291;27.449;4.999;9.845;27.936;4.996;5.752;29.565;6.383;11.967;26.914;6.486;9.51;27.059;4.065;15.291;27.449;4.325;16.246;28.868;4.996;5.752;29.565;4.564;0.981;28.81
4.038;10.327;28.636;4.018;10.963;28.302;3.166;5.608;29.135;3.027;2.78;25.236;4.809;14.901;28.839;6.088;14.938;28.252;1.66;12.265;29.112;1.677;9.949;30.103;2.273;15.055;28.903;1.66;12.265;29.112;3.676;14.969;28.983;2.273;15.055;28.903;4.038;10.327;28.636;5.111;9.98;28.525;6.088;14.938;28.252;6.546;12.075;27.706;4.018;10.963;28.302;4.087;13.326;28.442;2.959;9.982;28.66;3.166;5.608;29.135;4.038;10.327;28.636;2.959;9.982;28.66;4.087;13.326;28.442;4.161;15.427;28.036;5.111;9.98;28.525;5.069;5.766;29.807;6.546;12.075;27.706;6.672;9.634;28.007;4.161;15.427;28.036;4.413;16.372;29.464;5.069;5.766;29.807;4.566;1.054;28.78
4.139;10.443;29.179;4.113;11.08;28.849;3.26;5.779;30.062;3.098;2.718;26.343;4.892;15.02;29.411;6.192;15.06;28.872;1.753;12.368;29.506;1.719;9.995;30.351;2.355;15.167;29.416;1.753;12.368;29.506;3.755;15.084;29.53;2.355;15.167;29.416;4.139;10.443;29.179;5.209;10.096;29.047;6.192;15.06;28.872;6.722;12.178;28.538;4.113;11.08;28.849;4.184;13.443;28.997;3.06;10.098;29.219;3.26;5.779;30.062;4.139;10.443;29.179;3.06;10.098;29.219;4.184;13.443;28.997;4.26;15.545;28.594;5.209;10.096;29.047;5.135;5.794;29.991;6.722;12.178;28.538;6.858;9.769;29.034;4.26;15.545;28.594;4.487;16.475;30.036;5.135;5.794;29.991;4.573;1.136;28.765
4.241;10.527;29.724;4.207;11.167;29.399;3.41;5.982;31.094;3.261;2.332;27.952;4.973;15.111;29.978;6.285;15.165;29.469;1.831;12.45;29.901;1.739;10.03;30.594;2.437;15.249;29.938;1.831;12.45;29.901;3.835;15.167;30.082;2.437;15.249;29.938;4.241;10.527;29.724;5.307;10.18;29.562;6.285;15.165;29.469;6.88;12.279;29.342;4.207;11.167;29.399;4.282;13.529;29.555;3.163;10.182;29.79;3.41;5.982;31.094;4.241;10.527;29.724;3.163;10.182;29.79;4.282;13.529;29.555;4.348;15.631;29.153;5.307;10.18;29.562;5.203;5.816;30.151;6.88;12.279;29.342;7.016;9.924;30.054;4.348;15.631;29.153;4.556;16.551;30.604;5.203;5.816;30.151;4.573;1.217;28.748
4.343;10.534;30.264;4.301;11.177;29.946;3.595;6.144;32.067;3.561;1.889;29.804;5.056;15.127;30.539;6.373;15.2;30.048;1.897;12.468;30.307;1.74;10.014;30.851;2.522;15.259;30.466;1.897;12.468;30.307;3.917;15.173;30.635;2.522;15.259;30.466;4.343;10.534;30.264;5.405;10.188;30.07;6.373;15.2;30.048;7.037;12.327;30.136;4.301;11.177;29.946;4.382;13.539;30.113;3.268;10.19;30.359;3.595;6.144;32.067;4.343;10.534;30.264;3.268;10.19;30.359;4.382;13.539;30.113;4.432;15.64;29.71;5.405;10.188;30.07;5.269;5.793;30.325;7.037;12.327;30.136;7.167;10.059;31.088;4.432;15.64;29.71;4.622;16.556;31.166;5.269;5.793;30.325;4.567;1.262;28.748
4.434;10.476;30.834;4.382;11.122;30.524;3.74;6.26;33.027;3.776;1.583;31.868;5.137;15.075;31.125;6.456;15.166;30.641;1.967;12.428;30.722;1.743;9.945;31.078;2.605;15.204;31.026;1.967;12.428;30.722;3.997;15.113;31.217;2.605;15.204;31.026;4.434;10.476;30.834;5.488;10.131;30.602;6.456;15.166;30.641;7.187;12.323;30.932;4.382;11.122;30.524;4.475;13.482;30.698;3.362;10.131;30.96;3.74;6.26;33.027;4.434;10.476;30.834;3.362;10.131;30.96;4.475;13.482;30.698;4.512;15.584;30.293;5.488;10.131;30.602;5.323;5.729;30.543;7.187;12.323;30.932;7.303;10.166;32.116;4.512;15.584;30.293;4.687;16.5;31.751;5.323;5.729;30.543;4.548;1.286;28.763
4.506;10.362;31.396;4.445;11.011;31.093;3.779;6.208;33.735;3.846;1.396;33.488;5.209;14.962;31.725;6.524;15.071;31.234;2.035;12.333;31.194;1.761;9.835;31.367;2.678;15.09;31.625;2.035;12.333;31.194;4.069;14.994;31.822;2.678;15.09;31.625;4.506;10.362;31.396;5.553;10.019;31.131;6.524;15.071;31.234;7.317;12.267;31.692;4.445;11.011;31.093;4.552;13.369;31.291;3.437;10.017;31.55;3.779;6.208;33.735;4.506;10.362;31.396;3.437;10.017;31.55;4.552;13.369;31.291;4.578;15.473;30.898;5.553;10.019;31.131;5.364;5.631;30.798;7.317;12.267;31.692;7.423;10.232;33.077;4.578;15.473;30.898;4.747;16.38;32.362;5.364;5.631;30.798;4.526;1.3;28.784
4.577;10.197;32.003;4.513;10.847;31.703;3.861;6.116;34.476;4.116;1.347;35.123;5.272;14.805;32.322;6.58;14.922;31.815;2.107;12.181;31.714;1.796;9.681;31.723;2.741;14.925;32.237;2.107;12.181;31.714;4.132;14.831;32.428;2.741;14.925;32.237;4.577;10.197;32.003;5.62;9.855;31.722;6.58;14.922;31.815;7.43;12.165;32.43;4.513;10.847;31.703;4.622;13.205;31.904;3.511;9.852;32.17;3.861;6.116;34.476;4.577;10.197;32.003;3.511;9.852;32.17;4.622;13.205;31.904;4.631;15.306;31.497;5.62;9.855;31.722;5.407;5.495;31.131;7.43;12.165;32.43;7.537;10.26;33.988;4.631;15.306;31.497;4.801;16.23;32.951;5.407;5.495;31.131;4.523;1.328;28.814
4.634;10.114;32.57;4.57;10.764;32.27;3.999;6.064;35.08;4.427;1.349;35.977;5.315;14.722;32.918;6.614;14.842;32.388;2.194;12.065;32.291;1.886;9.568;32.166;2.782;14.809;32.868;2.194;12.065;32.291;4.177;14.737;33.037;2.782;14.809;32.868;4.634;10.114;32.57;5.677;9.771;32.289;6.614;14.842;32.388;7.497;12.115;33.086;4.57;10.764;32.27;4.674;13.119;32.495;3.568;9.769;32.737;3.999;6.064;35.08;4.634;10.114;32.57;3.568;9.769;32.737;4.674;13.119;32.495;4.661;15.224;32.105;5.677;9.771;32.289;5.447;5.441;31.516;7.497;12.115;33.086;7.614;10.295;34.742;4.661;15.224;32.105;4.842;16.136;33.564;5.447;5.441;31.516;4.543;1.474;28.877
4.676;10.034;33.206;4.611;10.684;32.906;4.116;5.977;35.691;4.592;1.238;36.425;5.348;14.644;33.553;6.637;14.76;32.999;2.26;11.974;32.899;1.946;9.486;32.663;2.813;14.714;33.525;2.26;11.974;32.899;4.211;14.655;33.683;2.813;14.714;33.525;4.676;10.034;33.206;5.719;9.691;32.924;6.637;14.76;32.999;7.538;12.05;33.735;4.611;10.684;32.906;4.709;13.039;33.135;3.61;9.689;33.374;4.116;5.977;35.691;4.676;10.034;33.206;3.61;9.689;33.374;4.709;13.039;33.135;4.684;15.144;32.746;5.719;9.691;32.924;5.492;5.387;32.018;7.538;12.05;33.735;7.68;10.271;35.433;4.684;15.144;32.746;4.874;16.053;34.207;5.492;5.387;32.018;4.58;1.693;29.011
4.733;9.991;33.888;4.669;10.641;33.588;4.237;5.848;36.211;4.692;1.06;36.514;5.377;14.611;34.206;6.662;14.729;33.644;2.332;11.914;33.544;2.032;9.427;33.277;2.843;14.663;34.165;2.332;11.914;33.544;4.239;14.615;34.333;2.843;14.663;34.165;4.733;9.991;33.888;5.776;9.648;33.606;6.662;14.729;33.644;7.566;12.012;34.353;4.669;10.641;33.588;4.75;12.998;33.799;3.667;9.646;34.055;4.237;5.848;36.211;4.733;9.991;33.888;3.667;9.646;34.055;4.75;12.998;33.799;4.713;15.1;33.394;5.776;9.648;33.606;5.553;5.351;32.663;7.566;12.012;34.353;7.729;10.204;36.018;4.713;15.1;33.394;4.896;16.017;34.849;5.553;5.351;32.663;4.634;2.026;29.256
4.79;10.018;34.652;4.726;10.667;34.352;4.292;5.82;36.874;4.529;1.012;36.635;5.405;14.653;34.894;6.687;14.772;34.323;2.398;11.924;34.26;2.118;9.433;34.012;2.872;14.689;34.839;2.398;11.924;34.26;4.268;14.652;35.018;2.872;14.689;34.839;4.79;10.018;34.652;5.833;9.675;34.374;6.687;14.772;34.323;7.566;12.025;34.939;4.726;10.667;34.352;4.79;13.03;34.513;3.723;9.673;34.817;4.292;5.82;36.874;4.79;10.018;34.652;3.723;9.673;34.817;4.79;13.03;34.513;4.74;15.124;34.072;5.833;9.675;34.374;5.634;5.355;33.536;7.566;12.025;34.939;7.755;10.123;36.493;4.74;15.124;34.072;4.917;16.057;35.518;5.634;5.355;33.536;4.714;2.461;29.755
4.835;10.095;35.388;4.779;10.742;35.081;4.352;5.808;37.403;4.511;1.048;36.667;5.448;14.734;35.563;6.726;14.839;34.983;2.437;12.001;34.98;2.15;9.507;34.771;2.914;14.776;35.505;2.437;12.001;34.98;4.31;14.735;35.684;2.914;14.776;35.505;4.835;10.095;35.388;5.886;9.75;35.138;6.726;14.839;34.983;7.547;12.054;35.5;4.779;10.742;35.081;4.832;13.107;35.198;3.765;9.75;35.528;4.352;5.808;37.403;4.835;10.095;35.388;3.765;9.75;35.528;4.832;13.107;35.198;4.785;15.196;34.734;5.886;9.75;35.138;5.788;5.373;34.661;7.547;12.054;35.5;7.748;10.048;36.916;4.785;15.196;34.734;4.958;16.127;36.183;5.788;5.373;34.661;5.002;2.786;30.636
4.887;10.164;36.052;4.834;10.81;35.743;4.408;5.772;37.816;4.496;1.089;36.684;5.495;14.813;36.143;6.767;14.904;35.547;2.494;12.047;35.742;2.229;9.543;35.664;2.959;14.847;36.126;2.494;12.047;35.742;4.358;14.813;36.279;2.959;14.847;36.126;4.887;10.164;36.052;5.941;9.819;35.815;6.767;14.904;35.547;7.523;12.085;35.971;4.834;10.81;35.743;4.88;13.177;35.82;3.816;9.819;36.182;4.408;5.772;37.816;4.887;10.164;36.052;3.816;9.819;36.182;4.88;13.177;35.82;4.819;15.256;35.314;5.941;9.819;35.815;5.858;5.415;35.782;7.523;12.085;35.971;7.735;9.981;37.235;4.819;15.256;35.314;4.999;16.206;36.749;5.858;5.415;35.782;5.037;3.01;31.652
4.93;10.3;36.613;4.88;10.946;36.301;4.421;5.801;38.082;4.489;1.189;36.688;5.557;14.946;36.702;6.82;15.03;36.086;2.561;12.164;36.534;2.334;9.657;36.629;3.02;14.983;36.751;2.561;12.164;36.534;4.423;14.949;36.859;3.02;14.983;36.751;4.93;10.3;36.613;5.986;9.955;36.388;6.82;15.03;36.086;7.502;12.176;36.378;4.88;10.946;36.301;4.932;13.312;36.389;3.858;9.956;36.733;4.421;5.801;38.082;4.93;10.3;36.613;3.858;9.956;36.733;4.932;13.312;36.389;4.867;15.392;35.885;5.986;9.955;36.388;6.006;5.58;36.895;7.502;12.176;36.378;7.714;9.972;37.459;4.867;15.392;35.885;5.071;16.325;37.328;6.006;5.58;36.895;5.218;2.98;32.879
4.983;10.43;37.167;4.937;11.074;36.851;4.403;5.825;38.275;4.49;1.277;36.684;5.627;15.072;37.256;6.878;15.158;36.616;2.632;12.294;37.336;2.446;9.799;37.625;3.091;15.121;37.369;2.632;12.294;37.336;4.496;15.078;37.435;3.091;15.121;37.369;4.983;10.43;37.167;6.042;10.084;36.958;6.878;15.158;36.616;7.493;12.276;36.755;4.937;11.074;36.851;4.992;13.44;36.954;3.909;10.086;37.273;4.403;5.825;38.275;4.983;10.43;37.167;3.909;10.086;37.273;4.992;13.44;36.954;4.923;15.52;36.453;6.042;10.084;36.958;6.131;5.797;37.965;7.493;12.276;36.755;7.703;9.988;37.642;4.923;15.52;36.453;5.154;16.442;37.899;6.131;5.797;37.965;5.389;2.769;34.251
5.038;10.508;37.694;4.996;11.151;37.375;4.367;5.824;38.423;4.497;1.331;36.685;5.7;15.142;37.815;6.938;15.238;37.153;2.696;12.395;38.115;2.548;9.926;38.591;3.166;15.217;37.98;2.696;12.395;38.115;4.572;15.151;38.01;3.166;15.217;37.98;5.038;10.508;37.694;6.1;10.162;37.502;6.938;15.238;37.153;7.497;12.342;37.121;4.996;11.151;37.375;5.053;13.515;37.512;3.962;10.164;37.785;4.367;5.824;38.423;5.038;10.508;37.694;3.962;10.164;37.785;5.053;13.515;37.512;4.986;15.598;37.025;6.1;10.162;37.502;6.245;5.996;38.927;7.497;12.342;37.121;7.706;9.986;37.809;4.986;15.598;37.025;5.243;16.507;38.475;6.245;5.996;38.927;5.574;2.309;35.85
5.089;10.526;38.178;5.053;11.167;37.855;4.332;5.798;38.536;4.534;1.359;36.671;5.775;15.145;38.364;7.007;15.254;37.691;2.759;12.451;38.867;2.662;10.031;39.558;3.244;15.256;38.552;2.759;12.451;38.867;4.649;15.161;38.565;3.244;15.256;38.552;5.089;10.526;38.178;6.155;10.179;38.009;7.007;15.254;37.691;7.516;12.356;37.489;5.053;11.167;37.855;5.114;13.527;38.046;4.012;10.181;38.25;4.332;5.798;38.536;5.089;10.526;38.178;4.012;10.181;38.25;5.114;13.527;38.046;5.061;15.616;37.583;6.155;10.179;38.009;6.37;6.143;39.76;7.516;12.356;37.489;7.716;9.95;37.981;5.061;15.616;37.583;5.332;16.51;39.04;6.37;6.143;39.76;5.837;1.803;37.664
5.152;10.463;38.734;5.117;11.104;38.41;4.332;5.722;38.744;4.548;1.369;36.688;5.859;15.074;38.946;7.088;15.193;38.27;2.825;12.439;39.53;2.768;10.07;40.383;3.33;15.227;39.11;2.825;12.439;39.53;4.732;15.099;39.142;3.33;15.227;39.11;5.152;10.463;38.734;6.218;10.117;38.571;7.088;15.193;38.27;7.551;12.303;37.904;5.117;11.104;38.41;5.185;13.462;38.62;4.074;10.119;38.802;4.332;5.722;38.744;5.152;10.463;38.734;4.074;10.119;38.802;5.185;13.462;38.62;5.153;15.553;38.164;6.218;10.117;38.571;6.519;6.188;40.539;7.551;12.303;37.904;7.741;9.865;38.199;5.153;15.553;38.164;5.426;16.444;39.622;6.519;6.188;40.539;6.12;1.448;39.599
5.237;10.354;39.295;5.203;10.994;38.97;4.344;5.625;38.977;4.557;1.378;36.711;5.964;14.959;39.522;7.187;15.083;38.838;2.925;12.391;40.292;2.922;10.113;41.369;3.438;15.141;39.679;2.925;12.391;40.292;4.837;14.991;39.72;3.438;15.141;39.679;5.237;10.354;39.295;6.304;10.007;39.134;7.187;15.083;38.838;7.601;12.207;38.332;5.203;10.994;38.97;5.28;13.35;39.2;4.159;10.01;39.36;4.344;5.625;38.977;5.237;10.354;39.295;4.159;10.01;39.36;5.28;13.35;39.2;5.259;15.441;38.74;6.304;10.007;39.134;6.674;6.144;41.217;7.601;12.207;38.332;7.779;9.753;38.446;5.259;15.441;38.74;5.538;16.334;40.196;6.674;6.144;41.217;6.434;1.301;41.187
5.334;10.256;39.832;5.302;10.896;39.506;4.369;5.56;39.222;4.589;1.429;36.749;6.075;14.85;40.104;7.299;14.974;39.421;3.017;12.341;40.983;3.039;10.145;42.216;3.55;15.056;40.241;3.017;12.341;40.983;4.947;14.888;40.297;3.55;15.056;40.241;5.334;10.256;39.832;6.401;9.909;39.678;7.299;14.974;39.421;7.665;12.115;38.794;5.302;10.896;39.506;5.382;13.249;39.767;4.256;9.912;39.891;4.369;5.56;39.222;5.334;10.256;39.832;4.256;9.912;39.891;5.382;13.249;39.767;5.376;15.343;39.322;6.401;9.909;39.678;6.779;6.113;41.879;7.665;12.115;38.794;7.825;9.658;38.741;5.376;15.343;39.322;5.656;16.223;40.785;6.779;6.113;41.879;6.632;1.32;42.601
5.452;10.174;40.412;5.426;10.812;40.082;4.429;5.525;39.524;4.701;1.535;36.835;6.197;14.763;40.695;7.422;14.88;40.011;3.127;12.29;41.632;3.158;10.151;42.962;3.674;14.979;40.812;3.127;12.29;41.632;5.069;14.803;40.884;3.674;14.979;40.812;5.452;10.174;40.412;6.522;9.827;40.277;7.422;14.88;40.011;7.733;12.036;39.291;5.426;10.812;40.082;5.501;13.164;40.351;4.374;9.829;40.456;4.429;5.525;39.524;5.452;10.174;40.412;4.374;9.829;40.456;5.501;13.164;40.351;5.504;15.26;39.912;6.522;9.827;40.277;6.802;6.021;42.476;7.733;12.036;39.291;7.867;9.584;39.103;5.504;15.26;39.912;5.783;16.131;41.38;6.802;6.021;42.476;6.616;1.283;43.495
5.598;10.101;41.102;5.574;10.738;40.77;4.47;5.49;40.04;4.667;1.772;36.981;6.335;14.698;41.324;7.558;14.807;40.637;3.256;12.235;42.26;3.275;10.118;43.624;3.812;14.915;41.416;3.256;12.235;42.26;5.206;14.74;41.508;3.812;14.915;41.416;5.598;10.101;41.102;6.669;9.754;40.979;7.558;14.807;40.637;7.836;11.973;39.867;5.574;10.738;40.77;5.641;13.095;40.996;4.519;9.756;41.136;4.47;5.49;40.04;5.598;10.101;41.102;4.519;9.756;41.136;5.641;13.095;40.996;5.644;15.185;40.533;6.669;9.754;40.979;6.841;5.88;43.067;7.836;11.973;39.867;7.957;9.528;39.594;5.644;15.185;40.533;5.92;16.069;41.994;6.841;5.88;43.067;6.599;1.103;43.864
5.754;10.086;41.822;5.732;10.723;41.489;4.575;5.481;40.736;4.727;2.169;37.239;6.503;14.688;41.96;7.729;14.776;41.274;3.41;12.242;42.832;3.385;10.1;44.156;3.983;14.929;42.022;3.41;12.242;42.832;5.374;14.741;42.137;3.983;14.929;42.022;5.754;10.086;41.822;6.826;9.739;41.706;7.729;14.776;41.274;7.974;11.941;40.497;5.732;10.723;41.489;5.8;13.085;41.655;4.675;9.741;41.849;4.575;5.481;40.736;5.754;10.086;41.822;4.675;9.741;41.849;5.8;13.085;41.655;5.82;15.167;41.157;6.826;9.739;41.706;6.925;5.785;43.644;7.974;11.941;40.497;8.073;9.498;40.201;5.82;15.167;41.157;6.09;16.066;42.61;6.925;5.785;43.644;6.669;0.959;44.044
5.908;10.142;42.488;5.884;10.779;42.157;4.697;5.503;41.554;4.766;2.711;37.626;6.648;14.75;42.56;7.88;14.814;41.882;3.563;12.283;43.32;3.491;10.071;44.523;4.129;14.998;42.604;3.563;12.283;43.32;5.518;14.808;42.731;4.129;14.998;42.604;5.908;10.142;42.488;6.98;9.795;42.364;7.88;14.814;41.882;8.125;11.964;41.163;5.884;10.779;42.157;5.941;13.145;42.272;4.829;9.797;42.524;4.697;5.503;41.554;5.908;10.142;42.488;4.829;9.797;42.524;5.941;13.145;42.272;5.97;15.22;41.747;6.98;9.795;42.364;7.006;5.754;44.116;8.125;11.964;41.163;8.219;9.514;40.931;5.97;15.22;41.747;6.238;16.127;43.196;7.006;5.754;44.116;6.713;0.914;44.116
6.055;10.189;43.095;6.027;10.827;42.766;4.869;5.48;42.559;4.828;2.94;38.464;6.766;14.802;43.138;8.009;14.851;42.478;3.717;12.306;43.869;3.64;10.059;45.006;4.244;15.035;43.179;3.717;12.306;43.869;5.636;14.86;43.304;4.244;15.035;43.179;6.055;10.189;43.095;7.125;9.842;42.957;8.009;14.851;42.478;8.293;11.983;41.851;6.027;10.827;42.766;6.064;13.194;42.857;4.976;9.844;43.142;4.869;5.48;42.559;6.055;10.189;43.095;4.976;9.844;43.142;6.064;13.194;42.857;6.09;15.266;42.32;7.125;9.842;42.957;7.089;5.719;44.508;8.293;11.983;41.851;8.402;9.524;41.742;6.09;15.266;42.32;6.364;16.177;43.765;7.089;5.719;44.508;6.758;0.894;44.156
6.18;10.301;43.655;6.147;10.941;43.33;5.07;5.557;43.508;4.852;3.209;39.306;6.868;14.915;43.708;8.129;14.949;43.084;3.847;12.373;44.301;3.738;10.053;45.276;4.343;15.135;43.729;3.847;12.373;44.301;5.735;14.972;43.862;4.343;15.135;43.729;6.18;10.301;43.655;7.247;9.954;43.496;8.129;14.949;43.084;8.473;12.063;42.581;6.147;10.941;43.33;6.168;13.308;43.412;5.102;9.957;43.72;5.07;5.557;43.508;6.18;10.301;43.655;5.102;9.957;43.72;6.168;13.308;43.412;6.201;15.383;42.884;7.247;9.954;43.496;7.154;5.744;44.788;8.473;12.063;42.581;8.602;9.603;42.644;6.201;15.383;42.884;6.475;16.284;44.336;7.154;5.744;44.788;6.758;0.959;44.117
6.298;10.424;44.179;6.262;11.065;43.856;5.312;5.685;44.534;5.069;3.103;40.472;6.955;15.039;44.26;8.241;15.07;43.687;3.963;12.448;44.683;3.822;10.066;45.488;4.428;15.239;44.237;3.963;12.448;44.683;5.819;15.09;44.389;4.428;15.239;44.237;6.298;10.424;44.179;7.364;10.077;44.012;8.241;15.07;43.687;8.671;12.171;43.353;6.262;11.065;43.856;6.27;13.432;43.937;5.221;10.079;44.251;5.312;5.685;44.534;6.298;10.424;44.179;5.221;10.079;44.251;6.27;13.432;43.937;6.305;15.51;43.425;7.364;10.077;44.012;7.22;5.787;44.998;8.671;12.171;43.353;8.818;9.73;43.65;6.305;15.51;43.425;6.564;16.4;44.887;7.22;5.787;44.998;6.758;1.045;44.094
6.395;10.533;44.658;6.358;11.174;44.336;5.513;5.867;45.562;5.352;2.751;41.889;7.033;15.146;44.802;8.345;15.189;44.294;4.056;12.516;45.026;3.874;10.084;45.656;4.504;15.328;44.719;4.056;12.516;45.026;5.893;15.19;44.901;4.504;15.328;44.719;6.395;10.533;44.658;7.46;10.187;44.485;8.345;15.189;44.294;8.867;12.291;44.114;6.358;11.174;44.336;6.364;13.541;44.435;5.318;10.189;44.735;5.513;5.867;45.562;6.395;10.533;44.658;5.318;10.189;44.735;6.364;13.541;44.435;6.403;15.627;43.958;7.46;10.187;44.485;7.28;5.837;45.157;8.867;12.291;44.114;9.016;9.891;44.647;6.403;15.627;43.958;6.638;16.496;45.436;7.28;5.837;45.157;6.757;1.137;44.086
6.496;10.595;45.128;6.453;11.238;44.81;5.65;6.029;46.458;5.558;2.306;43.4;7.117;15.209;45.319;8.437;15.269;44.833;4.139;12.55;45.387;3.913;10.081;45.834;4.588;15.374;45.226;4.139;12.55;45.387;5.977;15.243;45.414;4.588;15.374;45.226;6.496;10.595;45.128;7.557;10.249;44.932;8.437;15.269;44.833;9.039;12.381;44.799;6.453;11.238;44.81;6.461;13.604;44.927;5.421;10.251;45.223;5.65;6.029;46.458;6.496;10.595;45.128;5.421;10.251;45.223;6.461;13.604;44.927;6.488;15.697;44.479;7.557;10.249;44.932;7.344;5.865;45.294;9.039;12.381;44.799;9.18;10.055;45.596;6.488;15.697;44.479;6.723;16.547;45.968;7.344;5.865;45.294;6.727;1.207;44.096
6.586;10.601;45.588;6.541;11.244;45.272;5.726;6.182;47.352;5.831;1.829;45.287;7.175;15.215;45.834;8.503;15.304;45.375;4.204;12.517;45.74;3.94;10.025;46.0;4.644;15.347;45.723;4.204;12.517;45.74;6.034;15.233;45.92;4.644;15.347;45.723;6.586;10.601;45.588;7.645;10.255;45.382;8.503;15.304;45.375;9.202;12.442;45.5;6.541;11.244;45.272;6.544;13.609;45.41;5.511;10.256;45.691;5.726;6.182;47.352;6.586;10.601;45.588;5.511;10.256;45.691;6.544;13.609;45.41;6.545;15.709;44.997;7.645;10.255;45.382;7.399;5.858;45.458;9.202;12.442;45.5;9.338;10.222;46.559;6.545;15.709;44.997;6.774;16.542;46.496;7.399;5.858;45.458;6.715;1.254;44.098
6.668;10.525;46.056;6.62;11.169;45.742;5.795;6.264;48.173;6.086;1.512;47.427;7.243;15.136;46.36;8.574;15.249;45.914;4.265;12.427;46.133;3.955;9.928;46.208;4.712;15.253;46.255;4.265;12.427;46.133;6.102;15.143;46.446;4.712;15.253;46.255;6.668;10.525;46.056;7.725;10.179;45.842;8.574;15.249;45.914;9.351;12.419;46.206;6.62;11.169;45.742;6.626;13.532;45.908;5.594;10.18;46.167;5.795;6.264;48.173;6.668;10.525;46.056;5.594;10.18;46.167;6.626;13.532;45.908;6.609;15.639;45.531;7.725;10.179;45.842;7.445;5.786;45.68;9.351;12.419;46.206;9.468;10.338;47.52;6.609;15.639;45.531;6.841;16.459;47.037;7.445;5.786;45.68;6.701;1.258;44.114
6.74;10.418;46.521;6.692;11.062;46.207;5.892;6.192;48.702;6.392;1.404;48.922;7.304;15.021;46.889;8.633;15.158;46.445;4.313;12.316;46.54;3.953;9.826;46.416;4.771;15.13;46.814;4.313;12.316;46.54;6.164;15.017;46.983;4.771;15.13;46.814;6.74;10.418;46.521;7.798;10.072;46.306;8.633;15.158;46.445;9.47;12.359;46.855;6.692;11.062;46.207;6.696;13.423;46.407;5.666;10.074;46.632;5.892;6.192;48.702;6.74;10.418;46.521;5.666;10.074;46.632;6.696;13.423;46.407;6.661;15.537;46.076;7.798;10.072;46.306;7.484;5.693;45.95;9.47;12.359;46.855;9.571;10.411;48.358;6.661;15.537;46.076;6.905;16.341;47.589;7.484;5.693;45.95;6.693;1.269;44.13
6.799;10.273;47.075;6.752;10.917;46.76;6.033;6.12;49.375;6.719;1.476;50.461;7.354;14.874;47.461;8.682;15.022;47.019;4.373;12.177;47.0;3.986;9.706;46.7;4.819;14.976;47.409;4.373;12.177;47.0;6.214;14.863;47.56;4.819;14.976;47.409;6.799;10.273;47.075;7.857;9.927;46.863;8.682;15.022;47.019;9.581;12.269;47.581;6.752;10.917;46.76;6.751;13.277;46.967;5.725;9.929;47.183;6.033;6.12;49.375;6.799;10.273;47.075;5.725;9.929;47.183;6.751;13.277;46.967;6.705;15.394;46.656;7.857;9.927;46.863;7.516;5.57;46.314;9.581;12.269;47.581;9.681;10.471;49.262;6.705;15.394;46.656;6.957;16.199;48.167;7.516;5.57;46.314;6.687;1.308;44.156
6.85;10.175;47.637;6.805;10.818;47.321;6.133;6.066;49.998;6.909;1.556;51.509;7.396;14.769;48.044;8.727;14.917;47.607;4.426;12.083;47.493;4.025;9.634;47.063;4.86;14.868;48.007;4.426;12.083;47.493;6.256;14.756;48.143;4.86;14.868;48.007;6.85;10.175;47.637;7.91;9.829;47.433;8.727;14.917;47.607;9.652;12.193;48.26;6.805;10.818;47.321;6.796;13.178;47.53;5.775;9.83;47.739;6.133;6.066;49.998;6.85;10.175;47.637;5.775;9.83;47.739;6.796;13.178;47.53;6.746;15.299;47.245;7.91;9.829;47.433;7.554;5.494;46.737;9.652;12.193;48.26;9.751;10.492;50.04;6.746;15.299;47.245;7.002;16.096;48.76;7.554;5.494;46.737;6.707;1.446;44.205
6.899;10.108;48.262;6.851;10.752;47.948;6.289;5.916;50.467;7.17;1.328;51.648;7.437;14.702;48.655;8.763;14.845;48.205;4.467;12.03;48.062;4.061;9.596;47.558;4.9;14.8;48.652;4.467;12.03;48.062;6.298;14.685;48.767;4.9;14.8;48.652;6.899;10.108;48.262;7.957;9.762;48.049;8.763;14.845;48.205;9.689;12.12;48.856;6.851;10.752;47.948;6.833;13.113;48.134;5.825;9.764;48.373;6.289;5.916;50.467;6.899;10.108;48.262;5.825;9.764;48.373;6.833;13.113;48.134;6.776;15.237;47.868;7.957;9.762;48.049;7.611;5.443;47.257;9.689;12.12;48.856;9.803;10.451;50.664;6.776;15.237;47.868;7.048;16.025;49.385;7.611;5.443;47.257;6.744;1.69;44.312
6.951;10.067;48.959;6.902;10.712;48.646;6.35;5.822;51.067;7.208;1.172;51.994;7.462;14.67;49.281;8.783;14.808;48.815;4.485;12.005;48.68;4.087;9.573;48.161;4.925;14.765;49.309;4.485;12.005;48.68;6.325;14.648;49.407;4.925;14.765;49.309;6.951;10.067;48.959;8.007;9.721;48.739;8.783;14.808;48.815;9.692;12.066;49.412;6.902;10.712;48.646;6.862;13.077;48.774;5.878;9.722;49.076;6.35;5.822;51.067;6.951;10.067;48.959;5.878;9.722;49.076;6.862;13.077;48.774;6.789;15.199;48.5;8.007;9.721;48.739;7.684;5.402;47.936;9.692;12.066;49.412;9.833;10.375;51.197;6.789;15.199;48.5;7.069;16.005;50.005;7.684;5.402;47.936;6.791;2.038;44.56
7.0;10.103;49.643;6.954;10.747;49.328;6.378;5.767;51.555;7.201;1.055;52.138;7.49;14.708;49.898;8.812;14.836;49.432;4.512;12.049;49.293;4.144;9.605;48.809;4.954;14.807;49.93;4.512;12.049;49.293;6.353;14.683;50.026;4.954;14.807;49.93;7.0;10.103;49.643;8.059;9.757;49.435;8.812;14.836;49.432;9.666;12.051;49.897;6.954;10.747;49.328;6.891;13.114;49.388;5.925;9.759;49.749;6.378;5.767;51.555;7.0;10.103;49.643;5.925;9.759;49.749;6.891;13.114;49.388;6.815;15.236;49.12;8.059;9.757;49.435;7.785;5.406;48.806;9.666;12.051;49.897;9.816;10.253;51.574;6.815;15.236;49.12;7.093;16.043;50.625;7.785;5.406;48.806;6.916;2.465;45.05
7.046;10.166;50.273;7.007;10.808;49.953;6.401;5.736;51.946;7.211;0.995;52.241;7.521;14.765;50.478;8.848;14.879;50.023;4.527;12.108;49.932;4.185;9.642;49.548;4.985;14.874;50.518;4.527;12.108;49.932;6.384;14.739;50.606;4.985;14.874;50.518;7.046;10.166;50.273;8.11;9.82;50.092;8.848;14.879;50.023;9.645;12.057;50.345;7.007;10.808;49.953;6.923;13.175;49.956;5.97;9.822;50.357;6.401;5.736;51.946;7.046;10.166;50.273;5.97;9.822;50.357;6.923;13.175;49.956;6.846;15.3;49.704;8.11;9.82;50.092;7.86;5.431;49.807;9.645;12.057;50.345;9.797;10.134;51.877;6.846;15.3;49.704;7.118;16.099;51.214;7.86;5.431;49.807;7.027;2.82;45.807
7.082;10.278;50.86;7.051;10.918;50.534;6.419;5.741;52.205;7.235;0.992;52.243;7.569;14.864;51.013;8.895;14.95;50.547;4.555;12.214;50.623;4.243;9.725;50.397;5.036;14.998;51.098;4.555;12.214;50.623;6.434;14.844;51.157;5.036;14.998;51.098;7.082;10.278;50.86;8.15;9.931;50.706;8.895;14.95;50.547;9.604;12.09;50.696;7.051;10.918;50.534;6.954;13.284;50.484;6.004;9.934;50.921;6.419;5.741;52.205;7.082;10.278;50.86;6.004;9.934;50.921;6.954;13.284;50.484;6.887;15.411;50.254;8.15;9.931;50.706;8.023;5.537;50.991;9.604;12.09;50.696;9.754;10.04;52.053;6.887;15.411;50.254;7.173;16.193;51.771;8.023;5.537;50.991;7.312;2.765;47.076
7.112;10.423;51.413;7.084;11.061;51.084;6.425;5.796;52.411;7.229;1.048;52.227;7.625;14.997;51.514;8.944;15.059;51.025;4.608;12.377;51.273;4.347;9.873;51.224;5.097;15.177;51.628;4.608;12.377;51.273;6.492;14.99;51.674;5.097;15.177;51.628;7.112;10.423;51.413;8.181;10.076;51.274;8.944;15.059;51.025;9.572;12.178;50.956;7.084;11.061;51.084;6.984;13.426;50.987;6.033;10.079;51.462;6.425;5.796;52.411;7.112;10.423;51.413;6.033;10.079;51.462;6.984;13.426;50.987;6.938;15.555;50.767;8.181;10.076;51.274;8.126;5.724;51.954;9.572;12.178;50.956;9.727;10.005;52.107;6.938;15.555;50.767;7.242;16.321;52.288;8.126;5.724;51.954;7.438;2.826;48.128
7.145;10.552;51.929;7.124;11.188;51.595;6.431;5.864;52.587;7.226;1.125;52.217;7.681;15.111;52.02;8.997;15.16;51.522;4.673;12.51;51.938;4.491;10.002;52.094;5.158;15.324;52.161;4.673;12.51;51.938;6.549;15.111;52.189;5.158;15.324;52.161;7.145;10.552;51.929;8.217;10.204;51.818;8.997;15.16;51.522;9.545;12.276;51.232;7.124;11.188;51.595;7.023;13.552;51.48;6.065;10.208;51.955;6.431;5.864;52.587;7.145;10.552;51.929;6.065;10.208;51.955;7.023;13.552;51.48;6.993;15.683;51.285;8.217;10.204;51.818;8.271;5.966;53.017;9.545;12.276;51.232;9.679;9.999;52.162;6.993;15.683;51.285;7.307;16.429;52.815;8.271;5.966;53.017;7.694;2.51;49.665
7.178;10.61;52.404;7.164;11.244;52.065;6.44;5.887;52.753;7.221;1.164;52.199;7.737;15.158;52.506;9.053;15.205;52.01;4.709;12.591;52.611;4.596;10.11;53.032;5.219;15.409;52.654;4.709;12.591;52.611;6.605;15.164;52.676;5.219;15.409;52.654;7.178;10.61;52.404;8.253;10.262;52.315;9.053;15.205;52.01;9.542;12.341;51.504;7.164;11.244;52.065;7.067;13.608;51.953;6.099;10.265;52.41;6.44;5.887;52.753;7.178;10.61;52.404;6.099;10.265;52.41;7.067;13.608;51.953;7.052;15.741;51.777;8.253;10.262;52.315;8.399;6.139;53.858;9.542;12.341;51.504;9.656;9.984;52.212;7.052;15.741;51.777;7.366;16.479;53.31;8.399;6.139;53.858;7.932;2.052;51.291
7.215;10.609;52.883;7.205;11.241;52.541;6.458;5.872;52.967;7.217;1.179;52.175;7.801;15.149;52.985;9.116;15.196;52.485;4.75;12.63;53.28;4.72;10.211;53.981;5.288;15.44;53.133;4.75;12.63;53.28;6.669;15.164;53.154;5.288;15.44;53.133;7.215;10.609;52.883;8.291;10.26;52.809;9.116;15.196;52.485;9.547;12.368;51.767;7.205;11.241;52.541;7.119;13.605;52.428;6.136;10.264;52.877;6.458;5.872;52.967;7.215;10.609;52.883;6.136;10.264;52.877;7.119;13.605;52.428;7.121;15.739;52.256;8.291;10.26;52.809;8.598;6.26;54.627;9.547;12.368;51.767;9.641;9.954;52.253;7.121;15.739;52.256;7.436;16.483;53.786;8.598;6.26;54.627;8.279;1.633;53.215
7.255;10.545;53.434;7.247;11.177;53.092;6.473;5.806;53.328;7.188;1.173;52.211;7.873;15.082;53.522;9.196;15.129;53.042;4.799;12.622;53.969;4.85;10.298;54.937;5.365;15.411;53.643;4.799;12.622;53.969;6.739;15.108;53.677;5.365;15.411;53.643;7.255;10.545;53.434;8.331;10.197;53.365;9.196;15.129;53.042;9.593;12.351;52.133;7.247;11.177;53.092;7.183;13.541;52.966;6.176;10.2;53.425;6.473;5.806;53.328;7.255;10.545;53.434;6.176;10.2;53.425;7.183;13.541;52.966;7.207;15.674;52.782;8.331;10.197;53.365;8.699;6.225;55.234;9.593;12.351;52.133;9.669;9.902;52.383;7.207;15.674;52.782;7.508;16.44;54.304;8.699;6.225;55.234;8.452;1.411;54.706
7.345;10.435;53.958;7.339;11.066;53.614;6.532;5.702;53.661;7.2;1.158;52.203;7.962;14.974;54.038;9.293;15.023;53.583;4.873;12.564;54.683;5.008;10.383;55.936;5.454;15.312;54.124;4.873;12.564;54.683;6.826;15.002;54.176;5.454;15.312;54.124;7.345;10.435;53.958;8.422;10.087;53.899;9.293;15.023;53.583;9.661;12.298;52.516;7.339;11.066;53.614;7.28;13.43;53.482;6.266;10.09;53.94;6.532;5.702;53.661;7.345;10.435;53.958;6.266;10.09;53.94;7.28;13.43;53.482;7.309;15.562;53.284;8.422;10.087;53.899;8.831;6.163;55.858;9.661;12.298;52.516;9.719;9.835;52.552;7.309;15.562;53.284;7.584;16.353;54.798;8.831;6.163;55.858;8.675;1.33;56.221
7.444;10.351;54.451;7.44;10.981;54.105;6.576;5.626;54.01;7.168;1.197;52.207;8.068;14.888;54.556;9.408;14.927;54.124;4.957;12.518;55.314;5.138;10.449;56.74;5.559;15.229;54.611;4.957;12.518;55.314;6.93;14.919;54.676;5.559;15.229;54.611;7.444;10.351;54.451;8.521;10.003;54.399;9.408;14.927;54.124;9.75;12.239;52.96;7.44;10.981;54.105;7.39;13.346;53.987;6.364;10.006;54.427;6.576;5.626;54.01;7.444;10.351;54.451;6.364;10.006;54.427;7.39;13.346;53.987;7.428;15.478;53.792;8.521;10.003;54.399;8.8;6.063;56.349;9.75;12.239;52.96;9.791;9.779;52.837;7.428;15.478;53.792;7.682;16.279;55.305;8.8;6.063;56.349;8.545;1.273;57.058
