0.0;10.351;0.0;-0.04;10.994;-0.319;-0.814;5.655;0.94;-0.887;1.609;-1.677;0.731;14.912;0.509;2.085;15.056;0.152;-2.603;12.207;0.073;-2.687;9.814;0.857;-1.778;14.949;0.121;-2.603;12.207;0.073;-0.412;14.956;0.46;-1.778;14.949;0.121;0.0;10.351;0.0;1.098;10.074;-0.05;2.085;15.056;0.152;2.66;12.196;-0.287;-0.04;10.994;-0.319;0.121;13.343;-0.062;-1.054;9.94;-0.054;-0.814;5.655;0.94;0.0;10.351;0.0;-1.054;9.94;-0.054;0.121;13.343;-0.062;0.217;15.459;-0.373;1.098;10.074;-0.05;0.779;5.755;-0.855;2.66;12.196;-0.287;2.732;9.77;0.137;0.217;15.459;-0.373;0.197;16.284;1.148;0.779;5.755;-0.855;0.252;1.279;-2.643
0.012;10.342;0.169;-0.018;10.988;-0.144;-0.751;5.742;1.399;-0.725;1.605;-1.071;0.759;14.881;0.786;2.118;15.022;0.447;-2.592;12.21;0.235;-2.715;9.796;0.943;-1.745;14.943;0.369;-2.592;12.21;0.235;-0.382;14.932;0.723;-1.745;14.943;0.369;0.012;10.342;0.169;1.107;10.053;0.124;2.118;15.022;0.447;2.683;12.167;-0.028;-0.018;10.988;-0.144;0.149;13.329;0.17;-1.046;9.942;0.105;-0.751;5.742;1.399;0.012;10.342;0.169;-1.046;9.942;0.105;0.149;13.329;0.17;0.26;15.452;-0.089;1.107;10.053;0.124;0.785;5.752;-0.766;2.683;12.167;-0.028;2.737;9.736;0.37;0.26;15.452;-0.089;0.225;16.26;1.441;0.785;5.752;-0.766;0.256;1.314;-2.646
0.037;10.331;0.389;0.015;10.979;0.081;-0.694;5.847;1.903;-0.557;1.56;-0.293;0.802;14.851;1.091;2.164;14.997;0.767;-2.579;12.223;0.425;-2.758;9.782;1.021;-1.7;14.938;0.663;-2.579;12.223;0.425;-0.338;14.908;1.02;-1.7;14.938;0.663;0.037;10.331;0.389;1.129;10.031;0.346;2.164;14.997;0.767;2.736;12.144;0.287;0.015;10.979;0.081;0.193;13.314;0.441;-1.025;9.943;0.316;-0.694;5.847;1.903;0.037;10.331;0.389;-1.025;9.943;0.316;0.193;13.314;0.441;0.312;15.44;0.223;1.129;10.031;0.346;0.8;5.75;-0.638;2.736;12.144;0.287;2.771;9.718;0.715;0.312;15.44;0.223;0.266;16.241;1.756;0.8;5.75;-0.638;0.265;1.358;-2.624
0.052;10.29;0.609;0.038;10.942;0.306;-0.679;5.944;2.403;-0.415;1.441;0.706;0.816;14.795;1.4;2.184;14.948;1.103;-2.568;12.19;0.6;-2.802;9.73;1.088;-1.678;14.892;0.93;-2.568;12.19;0.6;-0.323;14.852;1.309;-1.678;14.892;0.93;0.052;10.29;0.609;1.141;9.98;0.572;2.184;14.948;1.103;2.778;12.094;0.656;0.038;10.942;0.306;0.22;13.268;0.713;-1.014;9.913;0.524;-0.679;5.944;2.403;0.052;10.29;0.609;-1.014;9.913;0.524;0.22;13.268;0.713;0.341;15.398;0.533;1.141;9.98;0.572;0.801;5.727;-0.522;2.778;12.094;0.656;2.79;9.682;1.158;0.341;15.398;0.533;0.275;16.187;2.072;0.801;5.727;-0.522;0.259;1.395;-2.633
0.067;10.231;0.85;0.059;10.886;0.555;-0.678;6.028;2.898;-0.302;1.334;1.873;0.827;14.712;1.752;2.2;14.877;1.485;-2.556;12.14;0.806;-2.843;9.663;1.162;-1.66;14.825;1.243;-2.556;12.14;0.806;-0.311;14.771;1.641;-1.66;14.825;1.243;0.067;10.231;0.85;1.154;9.915;0.818;2.2;14.877;1.485;2.829;12.023;1.086;0.059;10.886;0.555;0.244;13.201;1.019;-1.001;9.862;0.755;-0.678;6.028;2.898;0.067;10.231;0.85;-1.001;9.862;0.755;0.244;13.201;1.019;0.367;15.335;0.89;1.154;9.915;0.818;0.808;5.692;-0.386;2.829;12.023;1.086;2.816;9.632;1.678;0.367;15.335;0.89;0.28;16.102;2.439;0.808;5.692;-0.386;0.263;1.427;-2.628
0.084;10.148;1.165;0.079;10.807;0.878;-0.664;6.072;3.413;-0.173;1.285;3.146;0.831;14.611;2.158;2.207;14.784;1.916;-2.541;12.075;1.054;-2.879;9.587;1.26;-1.647;14.738;1.61;-2.541;12.075;1.054;-0.305;14.671;2.031;-1.647;14.738;1.61;0.084;10.148;1.165;1.171;9.83;1.133;2.207;14.784;1.916;2.87;11.93;1.578;0.079;10.807;0.878;0.261;13.112;1.393;-0.984;9.782;1.062;-0.664;6.072;3.413;0.084;10.148;1.165;-0.984;9.782;1.062;0.261;13.112;1.393;0.384;15.247;1.3;1.171;9.83;1.133;0.823;5.646;-0.199;2.87;11.93;1.578;2.835;9.567;2.274;0.384;15.247;1.3;0.283;15.998;2.855;0.823;5.646;-0.199;0.286;1.472;-2.607
0.102;10.056;1.516;0.099;10.718;1.237;-0.65;6.066;3.885;-0.091;1.29;4.208;0.844;14.501;2.59;2.221;14.687;2.362;-2.525;12.002;1.36;-2.912;9.514;1.426;-1.627;14.641;2.019;-2.525;12.002;1.36;-0.291;14.561;2.452;-1.627;14.641;2.019;0.102;10.056;1.516;1.188;9.733;1.475;2.221;14.687;2.362;2.927;11.837;2.09;0.099;10.718;1.237;0.285;13.012;1.799;-0.967;9.696;1.411;-0.65;6.066;3.885;0.102;10.056;1.516;-0.967;9.696;1.411;0.285;13.012;1.799;0.404;15.148;1.736;1.188;9.733;1.475;0.82;5.594;0.013;2.927;11.837;2.09;2.879;9.51;2.897;0.404;15.148;1.736;0.299;15.881;3.3;0.82;5.594;0.013;0.275;1.54;-2.591
0.11;9.973;1.913;0.105;10.638;1.642;-0.618;6.037;4.361;0.002;1.311;5.074;0.832;14.408;3.049;2.209;14.6;2.829;-2.51;11.933;1.686;-2.922;9.45;1.59;-1.636;14.548;2.462;-2.51;11.933;1.686;-0.302;14.462;2.905;-1.636;14.548;2.462;0.11;9.973;1.913;1.194;9.648;1.856;2.209;14.6;2.829;2.951;11.753;2.628;0.105;10.638;1.642;0.285;12.923;2.24;-0.962;9.617;1.818;-0.618;6.037;4.361;0.11;9.973;1.913;-0.962;9.617;1.818;0.285;12.923;2.24;0.393;15.06;2.198;1.194;9.648;1.856;0.831;5.549;0.286;2.951;11.753;2.628;2.893;9.465;3.54;0.393;15.06;2.198;0.288;15.78;3.768;0.831;5.549;0.286;0.313;1.646;-2.545
0.113;9.922;2.377;0.108;10.591;2.113;-0.59;5.966;4.794;0.041;1.242;5.502;0.821;14.35;3.562;2.197;14.549;3.347;-2.486;11.895;2.082;-2.913;9.426;1.821;-1.645;14.486;2.968;-2.486;11.895;2.082;-0.314;14.399;3.415;-1.645;14.486;2.968;0.113;9.922;2.377;1.193;9.59;2.296;2.197;14.549;3.347;2.967;11.706;3.187;0.108;10.591;2.113;0.285;12.868;2.741;-0.963;9.576;2.297;-0.59;5.966;4.794;0.113;9.922;2.377;-0.963;9.576;2.297;0.285;12.868;2.741;0.381;15.006;2.715;1.193;9.59;2.296;0.822;5.521;0.65;2.967;11.706;3.187;2.906;9.447;4.167;0.381;15.006;2.715;0.28;15.715;4.29;0.822;5.521;0.65;0.332;1.829;-2.456
0.112;9.906;2.923;0.109;10.577;2.666;-0.56;5.857;5.192;0.056;1.092;5.56;0.802;14.339;4.123;2.178;14.544;3.904;-2.464;11.891;2.555;-2.896;9.444;2.141;-1.665;14.462;3.531;-2.464;11.891;2.555;-0.332;14.379;3.978;-1.665;14.462;3.531;0.112;9.906;2.923;1.186;9.562;2.816;2.178;14.544;3.904;2.966;11.705;3.758;0.109;10.577;2.666;0.277;12.852;3.304;-0.97;9.572;2.861;-0.56;5.857;5.192;0.112;9.906;2.923;-0.97;9.572;2.861;0.277;12.852;3.304;0.357;14.991;3.276;1.186;9.562;2.816;0.79;5.505;1.147;2.966;11.705;3.758;2.909;9.462;4.776;0.357;14.991;3.276;0.264;15.7;4.851;0.79;5.505;1.147;0.33;2.108;-2.283
0.123;9.935;3.535;0.121;10.606;3.279;-0.513;5.788;5.634;0.092;1.007;5.657;0.782;14.387;4.705;2.152;14.6;4.463;-2.448;11.91;3.133;-2.872;9.487;2.588;-1.7;14.474;4.166;-2.448;11.91;3.133;-0.355;14.41;4.578;-1.7;14.474;4.166;0.123;9.935;3.535;1.194;9.585;3.415;2.152;14.6;4.463;2.95;11.765;4.303;0.121;10.606;3.279;0.266;12.885;3.907;-0.961;9.608;3.488;-0.513;5.788;5.634;0.123;9.935;3.535;-0.961;9.608;3.488;0.266;12.885;3.907;0.314;15.025;3.86;1.194;9.585;3.415;0.795;5.505;1.804;2.95;11.765;4.303;2.913;9.53;5.337;0.314;15.025;3.86;0.249;15.747;5.431;0.795;5.505;1.804;0.411;2.492;-1.976
0.134;10.008;4.178;0.135;10.676;3.914;-0.501;5.742;6.043;0.095;0.972;5.713;0.764;14.48;5.29;2.13;14.698;5.03;-2.433;11.966;3.741;-2.846;9.556;3.137;-1.726;14.539;4.782;-2.433;11.966;3.741;-0.375;14.49;5.172;-1.726;14.539;4.782;0.134;10.008;4.178;1.203;9.652;4.064;2.13;14.698;5.03;2.929;11.866;4.822;0.135;10.676;3.914;0.256;12.965;4.513;-0.952;9.684;4.131;-0.501;5.742;6.043;0.134;10.008;4.178;-0.952;9.684;4.131;0.256;12.965;4.513;0.282;15.104;4.441;1.203;9.652;4.064;0.809;5.493;2.668;2.929;11.866;4.822;2.91;9.616;5.826;0.282;15.104;4.441;0.234;15.832;6.011;0.809;5.493;2.668;0.561;2.899;-1.421
0.13;10.112;4.803;0.132;10.774;4.523;-0.51;5.715;6.38;0.095;0.978;5.74;0.753;14.6;5.833;2.114;14.812;5.543;-2.435;12.039;4.394;-2.834;9.619;3.818;-1.748;14.639;5.379;-2.435;12.039;4.394;-0.387;14.604;5.736;-1.748;14.639;5.379;0.13;10.112;4.803;1.201;9.757;4.705;2.114;14.812;5.543;2.891;11.978;5.285;0.132;10.774;4.523;0.239;13.073;5.084;-0.954;9.785;4.756;-0.51;5.715;6.38;0.13;10.112;4.803;-0.954;9.785;4.756;0.239;13.073;5.084;0.253;15.212;4.986;1.201;9.757;4.705;0.827;5.476;3.74;2.891;11.978;5.285;2.888;9.714;6.257;0.253;15.212;4.986;0.234;15.943;6.554;0.827;5.476;3.74;0.711;3.184;-0.532
0.146;10.235;5.382;0.141;10.89;5.087;-0.519;5.696;6.613;0.091;0.999;5.728;0.762;14.734;6.334;2.112;14.943;5.992;-2.446;12.113;5.094;-2.829;9.669;4.617;-1.755;14.752;5.967;-2.446;12.113;5.094;-0.38;14.729;6.272;-1.755;14.752;5.967;0.146;10.235;5.382;1.223;9.891;5.296;2.112;14.943;5.992;2.86;12.109;5.655;0.141;10.89;5.087;0.234;13.196;5.616;-0.933;9.893;5.34;-0.519;5.696;6.613;0.146;10.235;5.382;-0.933;9.893;5.34;0.234;13.196;5.616;0.232;15.334;5.497;1.223;9.891;5.296;0.93;5.513;4.903;2.86;12.109;5.655;2.888;9.823;6.573;0.232;15.334;5.497;0.259;16.064;7.066;0.93;5.513;4.903;0.883;3.338;0.569
0.164;10.393;5.97;0.147;11.039;5.656;-0.534;5.727;6.811;0.091;1.073;5.727;0.778;14.9;6.837;2.115;15.1;6.447;-2.453;12.226;5.822;-2.814;9.756;5.487;-1.751;14.905;6.553;-2.453;12.226;5.822;-0.367;14.892;6.811;-1.751;14.905;6.553;0.164;10.393;5.97;1.248;10.071;5.904;2.115;15.1;6.447;2.823;12.267;6.028;0.147;11.039;5.656;0.231;13.354;6.152;-0.907;10.026;5.927;-0.534;5.727;6.811;0.164;10.393;5.97;-0.907;10.026;5.927;0.231;13.354;6.152;0.22;15.49;6.011;1.248;10.071;5.904;1.082;5.683;6.241;2.823;12.267;6.028;2.875;9.954;6.873;0.22;15.49;6.011;0.29;16.22;7.579;1.082;5.683;6.241;1.114;3.26;2.041
0.18;10.512;6.518;0.154;11.153;6.194;-0.547;5.761;6.955;0.086;1.147;5.718;0.805;15.025;7.32;2.125;15.221;6.87;-2.471;12.317;6.598;-2.806;9.824;6.474;-1.732;15.032;7.133;-2.471;12.317;6.598;-0.339;15.017;7.335;-1.732;15.032;7.133;0.18;10.512;6.518;1.27;10.207;6.461;2.125;15.221;6.87;2.791;12.394;6.357;0.154;11.153;6.194;0.234;13.472;6.671;-0.885;10.127;6.477;-0.547;5.761;6.955;0.18;10.512;6.518;-0.885;10.127;6.477;0.234;13.472;6.671;0.218;15.606;6.508;1.27;10.207;6.461;1.206;5.914;7.441;2.791;12.394;6.357;2.876;10.053;7.119;0.218;15.606;6.508;0.338;16.339;8.071;1.206;5.914;7.441;1.232;2.934;3.615
0.204;10.571;7.065;0.174;11.21;6.737;-0.555;5.783;7.103;0.075;1.211;5.716;0.843;15.087;7.826;2.147;15.281;7.333;-2.481;12.377;7.387;-2.786;9.879;7.503;-1.698;15.113;7.71;-2.481;12.377;7.387;-0.3;15.083;7.872;-1.698;15.113;7.71;0.204;10.571;7.065;1.297;10.276;7.015;2.147;15.281;7.333;2.77;12.464;6.716;0.174;11.21;6.737;0.251;13.53;7.206;-0.857;10.176;7.022;-0.555;5.783;7.103;0.204;10.571;7.065;-0.857;10.176;7.022;0.251;13.53;7.206;0.237;15.663;7.026;1.297;10.276;7.015;1.346;6.131;8.504;2.77;12.464;6.716;2.873;10.093;7.376;0.237;15.663;7.026;0.394;16.406;8.581;1.346;6.131;8.504;1.36;2.456;5.34
0.224;10.559;7.597;0.195;11.198;7.27;-0.559;5.777;7.269;0.074;1.258;5.72;0.878;15.076;8.346;2.172;15.271;7.827;-2.485;12.381;8.168;-2.74;9.903;8.541;-1.665;15.124;8.27;-2.485;12.381;8.168;-0.265;15.077;8.409;-1.665;15.124;8.27;0.224;10.559;7.597;1.317;10.264;7.553;2.172;15.271;7.827;2.771;12.474;7.107;0.195;11.198;7.27;0.27;13.518;7.743;-0.837;10.164;7.547;-0.559;5.777;7.269;0.224;10.559;7.597;-0.837;10.164;7.547;0.27;13.518;7.743;0.261;15.65;7.551;1.317;10.264;7.553;1.485;6.274;9.411;2.771;12.474;7.107;2.899;10.073;7.64;0.261;15.65;7.551;0.442;16.402;9.099;1.485;6.274;9.411;1.484;1.956;7.204
0.249;10.473;8.134;0.227;11.114;7.811;-0.552;5.732;7.485;0.079;1.287;5.735;0.924;14.987;8.89;2.212;15.184;8.358;-2.477;12.33;8.96;-2.682;9.899;9.587;-1.619;15.06;8.844;-2.477;12.33;8.96;-0.218;14.993;8.965;-1.619;15.06;8.844;0.249;10.473;8.134;1.339;10.167;8.089;2.212;15.184;8.358;2.784;12.418;7.509;0.227;11.114;7.811;0.303;13.431;8.296;-0.816;10.089;8.08;-0.552;5.732;7.485;0.249;10.473;8.134;-0.816;10.089;8.08;0.303;13.431;8.296;0.302;15.563;8.101;1.339;10.167;8.089;1.613;6.298;10.177;2.784;12.418;7.509;2.93;9.984;7.862;0.302;15.563;8.101;0.499;16.325;9.643;1.613;6.298;10.177;1.557;1.567;9.117
0.286;10.339;8.682;0.275;10.983;8.362;-0.531;5.653;7.787;0.1;1.301;5.816;0.986;14.847;9.458;2.277;15.039;8.931;-2.444;12.24;9.703;-2.597;9.872;10.547;-1.556;14.948;9.413;-2.444;12.24;9.703;-0.156;14.861;9.532;-1.556;14.948;9.413;0.286;10.339;8.682;1.372;10.018;8.64;2.277;15.039;8.931;2.827;12.299;7.988;0.275;10.983;8.362;0.355;13.297;8.861;-0.783;9.97;8.621;-0.531;5.653;7.787;0.286;10.339;8.682;-0.783;9.97;8.621;0.355;13.297;8.861;0.368;15.429;8.669;1.372;10.018;8.64;1.705;6.227;10.858;2.827;12.299;7.988;2.98;9.847;8.17;0.368;15.429;8.669;0.566;16.199;10.206;1.705;6.227;10.858;1.612;1.379;10.891
0.346;10.2;9.251;0.342;10.846;8.936;-0.504;5.567;8.139;0.101;1.371;5.848;1.061;14.701;10.053;2.358;14.88;9.536;-2.394;12.145;10.437;-2.502;9.849;11.467;-1.479;14.824;9.999;-2.394;12.145;10.437;-0.081;14.723;10.123;-1.479;14.824;9.999;0.346;10.2;9.251;1.429;9.87;9.215;2.358;14.88;9.536;2.877;12.167;8.501;0.342;10.846;8.936;0.422;13.157;9.45;-0.727;9.841;9.18;-0.504;5.567;8.139;0.346;10.2;9.251;-0.727;9.841;9.18;0.422;13.157;9.45;0.451;15.289;9.264;1.429;9.87;9.215;1.744;6.123;11.508;2.877;12.167;8.501;3.03;9.708;8.499;0.451;15.289;9.264;0.645;16.066;10.798;1.744;6.123;11.508;1.615;1.353;12.369
0.42;10.1;9.878;0.421;10.747;9.564;-0.478;5.505;8.601;0.077;1.53;5.934;1.152;14.598;10.68;2.455;14.757;10.172;-2.318;12.083;11.131;-2.397;9.845;12.286;-1.387;14.74;10.607;-2.318;12.083;11.131;0.009;14.629;10.743;-1.387;14.74;10.607;0.42;10.1;9.878;1.503;9.769;9.854;2.455;14.757;10.172;2.941;12.062;9.077;0.421;10.747;9.564;0.503;13.058;10.076;-0.652;9.742;9.793;-0.478;5.505;8.601;0.42;10.1;9.878;-0.652;9.742;9.793;0.503;13.058;10.076;0.551;15.19;9.887;1.503;9.769;9.854;1.718;6.029;12.171;2.941;12.062;9.077;3.09;9.608;8.918;0.551;15.19;9.887;0.738;15.975;11.418;1.718;6.029;12.171;1.5;1.335;13.369
0.516;10.04;10.601;0.517;10.687;10.288;-0.438;5.461;9.213;0.051;1.802;6.115;1.263;14.546;11.354;2.567;14.684;10.841;-2.214;12.06;11.816;-2.281;9.852;13.025;-1.273;14.709;11.269;-2.214;12.06;11.816;0.121;14.588;11.416;-1.273;14.709;11.269;0.516;10.04;10.601;1.602;9.718;10.595;2.567;14.684;10.841;3.01;12.0;9.7;0.517;10.687;10.288;0.601;13.005;10.766;-0.551;9.673;10.496;-0.438;5.461;9.213;0.516;10.04;10.601;-0.551;9.673;10.496;0.601;13.005;10.766;0.669;15.134;10.553;1.602;9.718;10.595;1.691;5.895;12.782;3.01;12.0;9.7;3.15;9.557;9.419;0.669;15.134;10.553;0.854;15.939;12.074;1.691;5.895;12.782;1.403;1.14;13.687
0.609;10.038;11.366;0.604;10.684;11.051;-0.386;5.436;9.984;0.025;2.217;6.422;1.379;14.549;12.059;2.688;14.664;11.553;-2.093;12.078;12.456;-2.165;9.86;13.647;-1.155;14.737;11.954;-2.093;12.078;12.456;0.238;14.607;12.115;-1.155;14.737;11.954;0.609;10.038;11.366;1.7;9.733;11.374;2.688;14.664;11.553;3.105;11.973;10.418;0.604;10.684;11.051;0.7;13.01;11.487;-0.451;9.655;11.251;-0.386;5.436;9.984;0.609;10.038;11.366;-0.451;9.655;11.251;0.7;13.01;11.487;0.796;15.135;11.248;1.7;9.733;11.374;1.705;5.827;13.41;3.105;11.973;10.418;3.232;9.535;10.09;0.796;15.135;11.248;0.979;15.961;12.758;1.705;5.827;13.41;1.423;1.007;13.858
0.712;10.099;12.104;0.69;10.74;11.78;-0.295;5.419;10.941;-0.02;2.7;6.972;1.484;14.608;12.747;2.798;14.703;12.251;-1.966;12.128;13.037;-2.044;9.866;14.142;-1.049;14.811;12.631;-1.966;12.128;13.037;0.342;14.678;12.799;-1.049;14.811;12.631;0.712;10.099;12.104;1.81;9.817;12.106;2.798;14.703;12.251;3.207;11.991;11.165;0.69;10.74;11.78;0.791;13.073;12.181;-0.341;9.693;12.006;-0.295;5.419;10.941;0.712;10.099;12.104;-0.341;9.693;12.006;0.791;13.073;12.181;0.909;15.196;11.931;1.81;9.817;12.106;1.769;5.83;13.978;3.207;11.991;11.165;3.325;9.549;10.862;0.909;15.196;11.931;1.094;16.03;13.436;1.769;5.83;13.978;1.503;0.988;13.984
0.815;10.183;12.831;0.781;10.816;12.493;-0.189;5.407;12.128;-0.067;3.046;7.928;1.571;14.689;13.426;2.893;14.769;12.947;-1.843;12.183;13.619;-1.924;9.88;14.637;-0.961;14.889;13.297;-1.843;12.183;13.619;0.43;14.763;13.47;-0.961;14.889;13.297;0.815;10.183;12.831;1.914;9.909;12.817;2.893;14.769;12.947;3.318;12.024;11.956;0.781;10.816;12.493;0.876;13.154;12.861;-0.236;9.765;12.763;-0.189;5.407;12.128;0.815;10.183;12.831;-0.236;9.765;12.763;0.876;13.154;12.861;1.004;15.275;12.604;1.914;9.909;12.817;1.81;5.812;14.431;3.318;12.024;11.956;3.434;9.571;11.752;1.004;15.275;12.604;1.188;16.117;14.105;1.81;5.812;14.431;1.49;0.993;14.0
0.909;10.295;13.487;0.871;10.922;13.139;-0.084;5.475;13.34;-0.081;3.163;9.113;1.637;14.798;14.072;2.97;14.877;13.625;-1.729;12.253;14.11;-1.817;9.899;15.005;-0.895;14.985;13.908;-1.729;12.253;14.11;0.495;14.869;14.097;-0.895;14.985;13.908;0.909;10.295;13.487;2.008;10.019;13.46;2.97;14.877;13.625;3.443;12.092;12.776;0.871;10.922;13.139;0.954;13.263;13.491;-0.143;9.879;13.442;-0.084;5.475;13.34;0.909;10.295;13.487;-0.143;9.879;13.442;0.954;13.263;13.491;1.082;15.386;13.242;2.008;10.019;13.46;1.856;5.81;14.75;3.443;12.092;12.776;3.561;9.632;12.741;1.082;15.386;13.242;1.252;16.223;14.747;1.856;5.81;14.75;1.477;1.039;13.974
0.996;10.448;14.104;0.963;11.07;13.746;0.027;5.674;14.616;0.0;2.957;10.636;1.693;14.949;14.697;3.04;15.039;14.297;-1.62;12.359;14.54;-1.721;9.961;15.304;-0.836;15.113;14.47;-1.62;12.359;14.54;0.55;15.012;14.693;-0.836;15.113;14.47;0.996;10.448;14.104;2.091;10.157;14.071;3.04;15.039;14.297;3.575;12.219;13.617;0.963;11.07;13.746;1.037;13.412;14.091;-0.063;10.045;14.075;0.027;5.674;14.616;0.996;10.448;14.104;-0.063;10.045;14.075;1.037;13.412;14.091;1.156;15.537;13.857;2.091;10.157;14.071;1.91;5.854;14.997;3.575;12.219;13.617;3.685;9.765;13.801;1.156;15.537;13.857;1.297;16.363;15.371;1.91;5.854;14.997;1.482;1.137;13.956
1.083;10.567;14.699;1.055;11.188;14.339;0.137;5.918;15.79;0.107;2.59;12.304;1.749;15.071;15.312;3.105;15.185;14.954;-1.53;12.451;14.951;-1.666;10.014;15.571;-0.775;15.213;15.023;-1.53;12.451;14.951;0.606;15.122;15.282;-0.775;15.213;15.023;1.083;10.567;14.699;2.173;10.259;14.655;3.105;15.185;14.954;3.707;12.341;14.456;1.055;11.188;14.339;1.124;13.53;14.684;0.018;10.18;14.686;0.137;5.918;15.79;1.083;10.567;14.699;0.018;10.18;14.686;1.124;13.53;14.684;1.225;15.657;14.462;2.173;10.259;14.655;1.969;5.893;15.198;3.707;12.341;14.456;3.794;9.918;14.892;1.225;15.657;14.462;1.335;16.474;15.984;1.969;5.893;15.198;1.481;1.235;13.941
1.157;10.619;15.283;1.131;11.241;14.924;0.217;6.127;16.842;0.206;2.141;14.133;1.804;15.128;15.913;3.166;15.269;15.585;-1.455;12.496;15.355;-1.637;10.029;15.829;-0.713;15.254;15.57;-1.455;12.496;15.355;0.661;15.168;15.862;-0.713;15.254;15.57;1.157;10.619;15.283;2.242;10.298;15.221;3.166;15.269;15.585;3.83;12.411;15.285;1.131;11.241;14.924;1.205;13.583;15.27;0.088;10.245;15.286;0.217;6.127;16.842;1.157;10.619;15.283;0.088;10.245;15.286;1.205;13.583;15.27;1.289;15.711;15.055;2.242;10.298;15.221;2.017;5.903;15.401;3.83;12.411;15.285;3.877;10.054;16.001;1.289;15.711;15.055;1.372;16.524;16.58;2.017;5.903;15.401;1.47;1.313;13.936
1.226;10.584;15.865;1.196;11.209;15.511;0.28;6.233;17.766;0.343;1.697;16.14;1.862;15.099;16.506;3.223;15.266;16.188;-1.395;12.473;15.783;-1.633;9.985;16.099;-0.651;15.216;16.137;-1.395;12.473;15.783;0.719;15.13;16.45;-0.651;15.216;16.137;1.226;10.584;15.865;2.309;10.261;15.783;3.223;15.266;16.188;3.94;12.407;16.087;1.196;11.209;15.511;1.279;13.55;15.859;0.156;10.213;15.883;0.28;6.233;17.766;1.226;10.584;15.865;0.156;10.213;15.883;1.279;13.55;15.859;1.347;15.679;15.646;2.309;10.261;15.783;2.063;5.865;15.639;3.94;12.407;16.087;3.938;10.158;17.092;1.347;15.679;15.646;1.416;16.492;17.172;2.063;5.865;15.639;1.465;1.358;13.952
1.296;10.472;16.472;1.259;11.101;16.125;0.333;6.211;18.573;0.509;1.422;18.073;1.919;14.996;17.118;3.278;15.189;16.803;-1.346;12.386;16.259;-1.645;9.889;16.408;-0.592;15.106;16.744;-1.346;12.386;16.259;0.777;15.019;17.063;-0.592;15.106;16.744;1.296;10.472;16.472;2.38;10.156;16.374;3.278;15.189;16.803;4.047;12.343;16.899;1.259;11.101;16.125;1.347;13.442;16.475;0.228;10.095;16.498;0.333;6.211;18.573;1.296;10.472;16.472;0.228;10.095;16.498;1.347;13.442;16.475;1.4;15.571;16.258;2.38;10.156;16.374;2.107;5.782;15.924;4.047;12.343;16.899;3.994;10.236;18.175;1.4;15.571;16.258;1.463;16.39;17.78;2.107;5.782;15.924;1.464;1.395;13.963
1.353;10.317;17.084;1.307;10.948;16.744;0.415;6.123;19.327;0.751;1.346;19.863;1.966;14.846;17.741;3.319;15.06;17.418;-1.304;12.254;16.775;-1.652;9.759;16.749;-0.548;14.948;17.387;-1.304;12.254;16.775;0.823;14.861;17.694;-0.548;14.948;17.387;1.353;10.317;17.084;2.439;10.012;16.975;3.319;15.06;17.418;4.136;12.238;17.684;1.307;10.948;16.744;1.398;13.288;17.101;0.289;9.929;17.113;0.415;6.123;19.327;1.353;10.317;17.084;0.289;9.929;17.113;1.398;13.288;17.101;1.436;15.417;16.884;2.439;10.012;16.975;2.142;5.675;16.26;4.136;12.238;17.684;4.043;10.286;19.183;1.436;15.417;16.884;1.506;16.245;18.403;2.142;5.675;16.26;1.466;1.45;13.978
1.408;10.152;17.742;1.356;10.783;17.404;0.516;6.027;20.114;0.961;1.393;21.357;2.005;14.686;18.388;3.354;14.912;18.055;-1.262;12.104;17.35;-1.648;9.621;17.169;-0.514;14.776;18.06;-1.262;12.104;17.35;0.861;14.695;18.352;-0.514;14.776;18.06;1.408;10.152;17.742;2.495;9.853;17.624;3.354;14.912;18.055;4.202;12.115;18.452;1.356;10.783;17.404;1.44;13.124;17.756;0.346;9.758;17.779;0.516;6.027;20.114;1.408;10.152;17.742;0.346;9.758;17.779;1.44;13.124;17.756;1.464;15.253;17.536;2.495;9.853;17.624;2.182;5.553;16.72;4.202;12.115;18.452;4.079;10.295;20.108;1.464;15.253;17.536;1.543;16.087;19.051;2.182;5.553;16.72;1.497;1.55;14.071
1.442;10.043;18.442;1.386;10.677;18.109;0.634;5.913;20.807;1.118;1.258;21.957;2.032;14.587;19.071;3.374;14.817;18.715;-1.219;11.998;18.003;-1.62;9.529;17.703;-0.493;14.657;18.783;-1.219;11.998;18.003;0.887;14.589;19.052;-0.493;14.657;18.783;1.442;10.043;18.442;2.524;9.738;18.299;3.374;14.817;18.715;4.246;12.038;19.185;1.386;10.677;18.109;1.467;13.019;18.453;0.378;9.656;18.501;0.634;5.913;20.807;1.442;10.043;18.442;0.378;9.656;18.501;1.467;13.019;18.453;1.474;15.148;18.225;2.524;9.738;18.299;2.205;5.482;17.211;4.246;12.038;19.185;4.127;10.309;20.936;1.474;15.148;18.225;1.569;15.992;19.732;2.205;5.482;17.211;1.495;1.782;14.157
1.47;9.98;19.233;1.414;10.613;18.897;0.755;5.822;21.545;1.211;1.078;22.259;2.048;14.538;19.794;3.384;14.767;19.413;-1.17;11.937;18.706;-1.567;9.479;18.326;-0.479;14.591;19.534;-1.17;11.937;18.706;0.904;14.534;19.79;-0.479;14.591;19.534;1.47;9.98;19.233;2.545;9.663;19.069;3.384;14.767;19.413;4.262;11.988;19.868;1.414;10.613;18.897;1.484;12.961;19.2;0.404;9.604;19.316;0.755;5.822;21.545;1.47;9.98;19.233;0.404;9.604;19.316;1.484;12.961;19.2;1.477;15.087;18.949;2.545;9.663;19.069;2.242;5.423;17.914;4.262;11.988;19.868;4.174;10.269;21.63;1.477;15.087;18.949;1.583;15.95;20.445;2.242;5.423;17.914;1.54;2.14;14.415
1.512;9.978;20.081;1.458;10.604;19.733;0.881;5.803;22.347;1.264;1.007;22.614;2.071;14.548;20.534;3.402;14.771;20.134;-1.124;11.932;19.459;-1.505;9.473;19.068;-0.458;14.591;20.291;-1.124;11.932;19.459;0.927;14.54;20.539;-0.458;14.591;20.291;1.512;9.978;20.081;2.582;9.646;19.912;3.402;14.771;20.134;4.264;11.976;20.516;1.458;10.604;19.733;1.508;12.96;19.969;0.443;9.614;20.182;0.881;5.803;22.347;1.512;9.978;20.081;0.443;9.614;20.182;1.508;12.96;19.969;1.491;15.082;19.685;2.582;9.646;19.912;2.288;5.382;18.847;4.264;11.976;20.516;4.213;10.198;22.22;1.491;15.082;19.685;1.602;15.966;21.169;2.288;5.382;18.847;1.607;2.643;14.905
1.529;10.078;20.811;1.493;10.698;20.451;0.86;5.776;22.789;1.222;0.974;22.596;2.101;14.644;21.232;3.434;14.849;20.827;-1.084;12.001;20.233;-1.439;9.526;19.93;-0.43;14.682;20.998;-1.084;12.001;20.233;0.957;14.639;21.237;-0.43;14.682;20.998;1.529;10.078;20.811;2.601;9.734;20.683;3.434;14.849;20.827;4.252;12.028;21.093;1.493;10.698;20.451;1.534;13.057;20.669;0.454;9.726;20.883;0.86;5.776;22.789;1.529;10.078;20.811;0.454;9.726;20.883;1.534;13.057;20.669;1.523;15.178;20.382;2.601;9.734;20.683;2.332;5.392;19.993;4.252;12.028;21.093;4.229;10.135;22.67;1.523;15.178;20.382;1.63;16.063;21.866;2.332;5.392;19.993;1.788;3.056;15.779
1.559;10.202;21.529;1.531;10.814;21.153;0.868;5.782;23.227;1.217;1.011;22.647;2.15;14.758;21.909;3.48;14.938;21.483;-1.052;12.093;21.064;-1.384;9.601;20.904;-0.386;14.8;21.721;-1.052;12.093;21.064;1.006;14.758;21.931;-0.386;14.8;21.721;1.559;10.202;21.529;2.634;9.855;21.431;3.48;14.938;21.483;4.235;12.09;21.622;1.531;10.814;21.153;1.567;13.173;21.355;0.483;9.851;21.587;0.868;5.782;23.227;1.559;10.202;21.529;0.483;9.851;21.587;1.567;13.173;21.355;1.561;15.295;21.068;2.634;9.855;21.431;2.391;5.46;21.27;4.235;12.09;21.622;4.242;10.078;23.044;1.561;15.295;21.068;1.682;16.18;22.55;2.391;5.46;21.27;1.906;3.276;16.967
1.597;10.367;22.199;1.568;10.972;21.812;0.869;5.799;23.51;1.231;1.079;22.607;2.205;14.911;22.554;3.528;15.071;22.099;-1.031;12.241;21.915;-1.33;9.74;21.959;-0.334;14.972;22.427;-1.031;12.241;21.915;1.062;14.919;22.601;-0.334;14.972;22.427;1.597;10.367;22.199;2.678;10.033;22.13;3.528;15.071;22.099;4.217;12.204;22.076;1.568;10.972;21.812;1.6;13.332;22.009;0.525;10.003;22.242;0.869;5.799;23.51;1.597;10.367;22.199;0.525;10.003;22.242;1.6;13.332;22.009;1.602;15.454;21.728;2.678;10.033;22.13;2.519;5.659;22.625;4.217;12.204;22.076;4.257;10.068;23.302;1.602;15.454;21.728;1.746;16.332;23.212;2.519;5.659;22.625;2.103;3.21;18.46
1.644;10.521;22.85;1.613;11.121;22.456;0.879;5.847;23.795;1.227;1.183;22.635;2.285;15.052;23.194;3.599;15.199;22.712;-0.965;12.396;22.746;-1.198;9.903;23.022;-0.255;15.146;23.115;-0.965;12.396;22.746;1.143;15.071;23.264;-0.255;15.146;23.115;1.644;10.521;22.85;2.729;10.198;22.796;3.599;15.199;22.712;4.227;12.324;22.519;1.613;11.121;22.456;1.651;13.481;22.656;0.575;10.146;22.884;0.879;5.847;23.795;1.644;10.521;22.85;0.575;10.146;22.884;1.651;13.481;22.656;1.671;15.604;22.382;2.729;10.198;22.796;2.663;5.935;23.9;4.227;12.324;22.519;4.287;10.081;23.538;1.671;15.604;22.382;1.839;16.466;23.873;2.663;5.935;23.9;2.258;2.881;20.155
1.681;10.601;23.455;1.651;11.202;23.062;0.872;5.852;23.994;1.224;1.25;22.608;2.344;15.119;23.833;3.652;15.269;23.332;-0.919;12.487;23.568;-1.078;10.031;24.103;-0.195;15.25;23.78;-0.919;12.487;23.568;1.203;15.15;23.916;-0.195;15.25;23.78;1.681;10.601;23.455;2.769;10.287;23.415;3.652;15.269;23.332;4.239;12.406;22.932;1.651;11.202;23.062;1.689;13.559;23.29;0.615;10.219;23.475;0.872;5.852;23.994;1.681;10.601;23.455;0.615;10.219;23.475;1.689;13.559;23.29;1.727;15.684;23.032;2.769;10.287;23.415;2.816;6.186;25.022;4.239;12.406;22.932;4.324;10.068;23.704;1.727;15.684;23.032;1.909;16.53;24.53;2.816;6.186;25.022;2.445;2.382;22.039
1.728;10.597;24.078;1.705;11.199;23.687;0.873;5.819;24.245;1.221;1.296;22.617;2.425;15.108;24.474;3.726;15.258;23.959;-0.858;12.516;24.398;-0.949;10.128;25.195;-0.111;15.28;24.442;-0.858;12.516;24.398;1.285;15.15;24.566;-0.111;15.28;24.442;1.728;10.597;24.078;2.816;10.281;24.053;3.726;15.258;23.959;4.274;12.422;23.364;1.705;11.199;23.687;1.749;13.554;23.937;0.661;10.215;24.08;0.873;5.819;24.245;1.728;10.597;24.078;0.661;10.215;24.08;1.749;13.554;23.937;1.808;15.679;23.678;2.816;10.281;24.053;2.969;6.345;26.025;4.274;12.422;23.364;4.378;10.016;23.885;1.808;15.679;23.678;1.997;16.532;25.171;2.969;6.345;26.025;2.68;1.935;24.03
1.78;10.497;24.716;1.766;11.101;24.327;0.891;5.727;24.561;1.226;1.322;22.635;2.509;15.006;25.113;3.805;15.158;24.586;-0.788;12.457;25.218;-0.813;10.166;26.265;-0.024;15.215;25.088;-0.788;12.457;25.218;1.369;15.058;25.209;-0.024;15.215;25.088;1.78;10.497;24.716;2.865;10.173;24.702;3.805;15.158;24.586;4.325;12.356;23.825;1.766;11.101;24.327;1.818;13.455;24.587;0.709;10.125;24.705;0.891;5.727;24.561;1.78;10.497;24.716;0.709;10.125;24.705;1.818;13.455;24.587;1.893;15.577;24.316;2.865;10.173;24.702;3.127;6.389;26.942;4.325;12.356;23.825;4.45;9.912;24.112;1.893;15.577;24.316;2.085;16.448;25.799;3.127;6.389;26.942;2.928;1.625;26.061
1.847;10.346;25.387;1.837;10.949;24.995;0.942;5.598;24.987;1.235;1.375;22.685;2.6;14.852;25.767;3.894;15.006;25.233;-0.7;12.348;26.051;-0.664;10.176;27.327;0.071;15.089;25.739;-0.7;12.348;26.051;1.462;14.914;25.865;0.071;15.089;25.739;1.847;10.346;25.387;2.93;10.013;25.373;3.894;15.006;25.233;4.39;12.244;24.323;1.837;10.949;24.995;1.898;13.302;25.256;0.774;9.982;25.377;0.942;5.598;24.987;1.847;10.346;25.387;0.774;9.982;25.377;1.898;13.302;25.256;1.986;15.421;24.967;2.93;10.013;25.373;3.27;6.372;27.829;4.39;12.244;24.323;4.532;9.786;24.384;1.986;15.421;24.967;2.179;16.312;26.438;3.27;6.372;27.829;3.137;1.527;27.953
1.926;10.219;26.047;1.919;10.82;25.652;1.001;5.492;25.47;1.231;1.507;22.77;2.693;14.72;26.429;3.986;14.872;25.893;-0.601;12.239;26.831;-0.526;10.156;28.246;0.164;14.966;26.402;-0.601;12.239;26.831;1.555;14.786;26.53;0.164;14.966;26.402;1.926;10.219;26.047;3.008;9.883;26.035;3.986;14.872;25.893;4.464;12.146;24.871;1.919;10.82;25.652;1.983;13.172;25.923;0.852;9.857;26.038;1.001;5.492;25.47;1.926;10.219;26.047;0.852;9.857;26.038;1.983;13.172;25.923;2.079;15.29;25.629;3.008;9.883;26.035;3.312;6.337;28.63;4.464;12.146;24.871;4.619;9.691;24.748;2.079;15.29;25.629;2.273;16.189;27.095;3.312;6.337;28.63;3.161;1.546;29.364
2.041;10.127;26.778;2.035;10.73;26.386;1.076;5.411;26.138;1.205;1.679;23.092;2.833;14.634;27.128;4.123;14.778;26.584;-0.459;12.172;27.586;-0.384;10.141;29.075;0.306;14.888;27.092;-0.459;12.172;27.586;1.695;14.707;27.232;0.306;14.888;27.092;2.041;10.127;26.778;3.122;9.789;26.764;4.123;14.778;26.584;4.567;12.076;25.488;2.035;10.73;26.386;2.114;13.083;26.642;0.966;9.769;26.77;1.076;5.411;26.138;2.041;10.127;26.778;0.966;9.769;26.77;2.114;13.083;26.642;2.219;15.197;26.323;3.122;9.789;26.764;3.277;6.106;29.175;4.567;12.076;25.488;4.717;9.63;25.233;2.219;15.197;26.323;2.413;16.11;27.78;3.277;6.106;29.175;3.004;1.284;29.611
2.172;10.06;27.571;2.16;10.66;27.174;1.166;5.345;26.831;1.205;2.003;23.36;2.962;14.579;27.828;4.247;14.716;27.269;-0.317;12.112;28.3;-0.257;10.09;29.801;0.436;14.828;27.788;-0.317;12.112;28.3;1.825;14.654;27.936;0.436;14.828;27.788;2.172;10.06;27.571;3.258;9.735;27.564;4.247;14.716;27.269;4.671;12.014;26.166;2.16;10.66;27.174;2.24;13.018;27.381;1.102;9.689;27.562;1.166;5.345;26.831;2.172;10.06;27.571;1.102;9.689;27.562;2.24;13.018;27.381;2.344;15.124;27.014;3.258;9.735;27.564;3.347;6.034;29.95;4.671;12.014;26.166;4.821;9.573;25.869;2.344;15.124;27.014;2.541;16.063;28.454;3.347;6.034;29.95;3.074;1.206;30.307
2.313;10.069;28.355;2.292;10.67;27.96;1.256;5.352;27.544;1.226;2.507;23.654;3.103;14.6;28.543;4.383;14.726;27.972;-0.161;12.117;28.973;-0.131;10.05;30.411;0.577;14.845;28.502;-0.161;12.117;28.973;1.967;14.679;28.656;0.577;14.845;28.502;2.313;10.069;28.355;3.403;9.759;28.345;4.383;14.726;27.972;4.789;12.002;26.915;2.292;10.67;27.96;2.377;13.031;28.131;1.248;9.683;28.344;1.256;5.352;27.544;2.313;10.069;28.355;1.248;9.683;28.344;2.377;13.031;28.131;2.482;15.129;27.721;3.403;9.759;28.345;3.446;5.938;30.536;4.789;12.002;26.915;4.926;9.556;26.657;2.482;15.129;27.721;2.683;16.091;29.146;3.446;5.938;30.536;3.185;1.096;30.508
2.445;10.15;29.138;2.414;10.745;28.735;1.353;5.387;28.601;1.261;2.91;24.468;3.237;14.684;29.239;4.513;14.794;28.657;0.001;12.172;29.606;0.002;10.028;30.928;0.71;14.918;29.207;0.001;12.172;29.606;2.101;14.766;29.358;0.71;14.918;29.207;2.445;10.15;29.138;3.536;9.846;29.115;4.513;14.794;28.657;4.915;12.029;27.711;2.414;10.745;28.735;2.506;13.108;28.86;1.382;9.757;29.15;1.353;5.387;28.601;2.445;10.15;29.138;1.382;9.757;29.15;2.506;13.108;28.86;2.61;15.199;28.412;3.536;9.846;29.115;3.519;5.89;31.053;4.915;12.029;27.711;5.045;9.573;27.568;2.61;15.199;28.412;2.817;16.174;29.827;3.519;5.89;31.053;3.205;1.072;30.612
2.567;10.254;29.825;2.528;10.845;29.418;1.465;5.463;29.618;1.293;3.299;25.316;3.347;14.789;29.9;4.627;14.887;29.321;0.151;12.238;30.176;0.134;10.013;31.358;0.819;15.006;29.87;0.151;12.238;30.176;2.212;14.869;30.019;0.819;15.006;29.87;2.567;10.254;29.825;3.658;9.951;29.785;4.627;14.887;29.321;5.053;12.076;28.537;2.528;10.845;29.418;2.621;13.209;29.532;1.505;9.861;29.862;1.465;5.463;29.618;2.567;10.254;29.825;1.505;9.861;29.862;2.621;13.209;29.532;2.72;15.297;29.07;3.658;9.951;29.785;3.588;5.853;31.399;5.053;12.076;28.537;5.183;9.616;28.575;2.72;15.297;29.07;2.924;16.27;30.486;3.588;5.853;31.399;3.209;1.085;30.601
2.677;10.415;30.487;2.634;10.998;30.068;1.635;5.641;30.935;1.436;3.217;26.775;3.442;14.945;30.555;4.734;15.038;30.005;0.292;12.353;30.692;0.267;10.059;31.734;0.911;15.142;30.491;0.292;12.353;30.692;2.304;15.02;30.656;0.911;15.142;30.491;2.677;10.415;30.487;3.766;10.105;30.434;4.734;15.038;30.005;5.204;12.186;29.419;2.634;10.998;30.068;2.728;13.362;30.176;1.614;10.028;30.549;1.635;5.641;30.935;2.677;10.415;30.487;1.614;10.028;30.549;2.728;13.362;30.176;2.824;15.45;29.715;3.766;10.105;30.434;3.653;5.883;31.685;5.204;12.186;29.419;5.329;9.739;29.677;2.824;15.45;29.715;3.004;16.405;31.147;3.653;5.883;31.685;3.215;1.18;30.589
2.786;10.559;31.109;2.741;11.137;30.685;1.833;5.88;32.135;1.631;2.983;28.29;3.536;15.091;31.172;4.844;15.188;30.662;0.405;12.482;31.157;0.349;10.136;32.073;1.006;15.281;31.06;0.405;12.482;31.157;2.396;15.161;31.249;1.006;15.281;31.06;2.786;10.559;31.109;3.871;10.239;31.042;4.844;15.188;30.662;5.365;12.305;30.316;2.741;11.137;30.685;2.838;13.502;30.792;1.721;10.181;31.192;1.833;5.88;32.135;2.786;10.559;31.109;1.721;10.181;31.192;2.838;13.502;30.792;2.933;15.587;30.316;3.871;10.239;31.042;3.728;5.921;31.903;5.365;12.305;30.316;5.471;9.898;30.83;2.933;15.587;30.316;3.082;16.542;31.751;3.728;5.921;31.903;3.236;1.281;30.584
2.887;10.659;31.676;2.835;11.237;31.252;2.053;6.133;33.227;1.842;2.601;29.957;3.619;15.194;31.759;4.939;15.301;31.281;0.503;12.58;31.563;0.421;10.178;32.318;1.091;15.382;31.615;0.503;12.58;31.563;2.478;15.257;31.822;1.091;15.382;31.615;2.887;10.659;31.676;3.967;10.331;31.58;4.939;15.301;31.281;5.509;12.409;31.187;2.835;11.237;31.252;2.936;13.601;31.369;1.822;10.29;31.79;2.053;6.133;33.227;2.887;10.659;31.676;1.822;10.29;31.79;2.936;13.601;31.369;3.025;15.686;30.895;3.967;10.331;31.58;3.798;5.956;32.066;5.509;12.409;31.187;5.585;10.077;31.977;3.025;15.686;30.895;3.149;16.626;32.343;3.798;5.956;32.066;3.231;1.375;30.581
2.981;10.677;32.24;2.922;11.26;31.823;2.187;6.287;34.138;2.03;2.128;31.71;3.703;15.218;32.373;5.034;15.344;31.931;0.567;12.618;32.033;0.438;10.187;32.68;1.178;15.412;32.191;0.567;12.618;32.033;2.561;15.275;32.418;1.178;15.412;32.191;2.981;10.677;32.24;4.056;10.342;32.114;5.034;15.344;31.931;5.658;12.465;32.084;2.922;11.26;31.823;3.034;13.621;31.972;1.916;10.315;32.377;2.187;6.287;34.138;2.981;10.677;32.24;1.916;10.315;32.377;3.034;13.621;31.972;3.12;15.707;31.5;4.056;10.342;32.114;3.86;5.943;32.233;5.658;12.465;32.084;5.689;10.24;33.141;3.12;15.707;31.5;3.212;16.637;32.957;3.86;5.943;32.233;3.226;1.428;30.583
3.073;10.618;32.827;3.002;11.205;32.419;2.345;6.351;35.003;2.296;1.739;33.604;3.784;15.165;32.987;5.114;15.309;32.549;0.627;12.59;32.503;0.454;10.123;32.98;1.259;15.366;32.81;0.627;12.59;32.503;2.641;15.217;33.033;1.259;15.366;32.81;3.073;10.618;32.827;4.143;10.283;32.664;5.114;15.309;32.549;5.79;12.466;32.946;3.002;11.205;32.419;3.122;13.565;32.588;2.012;10.256;32.992;2.345;6.351;35.003;3.073;10.618;32.827;2.012;10.256;32.992;3.122;13.565;32.588;3.196;15.651;32.115;4.143;10.283;32.664;3.919;5.889;32.438;5.79;12.466;32.946;5.781;10.39;34.273;3.196;15.651;32.115;3.275;16.576;33.575;3.919;5.889;32.438;3.208;1.461;30.595
3.153;10.484;33.426;3.076;11.077;33.028;2.42;6.291;35.76;2.549;1.489;35.384;3.859;15.038;33.614;5.183;15.197;33.162;0.668;12.489;33.053;0.451;10.001;33.379;1.332;15.243;33.479;0.668;12.489;33.053;2.717;15.083;33.674;1.332;15.243;33.479;3.153;10.484;33.426;4.221;10.152;33.241;5.183;15.197;33.162;5.905;12.403;33.773;3.076;11.077;33.028;3.201;13.434;33.223;2.095;10.118;33.603;2.42;6.291;35.76;3.153;10.484;33.426;2.095;10.118;33.603;3.201;13.434;33.223;3.26;15.521;32.749;4.221;10.152;33.241;3.964;5.788;32.7;5.905;12.403;33.773;5.861;10.499;35.335;3.26;15.521;32.749;3.337;16.446;34.209;3.964;5.788;32.7;3.197;1.477;30.616
3.212;10.355;34.026;3.131;10.953;33.636;2.535;6.23;36.478;2.917;1.448;36.929;3.919;14.901;34.31;5.228;15.078;33.824;0.696;12.39;33.675;0.458;9.884;33.778;1.386;15.103;34.277;0.696;12.39;33.675;2.779;14.939;34.402;1.386;15.103;34.277;3.212;10.355;34.026;4.279;10.028;33.829;5.228;15.078;33.824;5.992;12.325;34.558;3.131;10.953;33.636;3.257;13.304;33.897;2.156;9.984;34.205;2.535;6.23;36.478;3.212;10.355;34.026;2.156;9.984;34.205;3.257;13.304;33.897;3.294;15.402;33.473;4.279;10.028;33.829;4.001;5.706;33.023;5.992;12.325;34.558;5.937;10.565;36.281;3.294;15.402;33.473;3.394;16.295;34.952;4.001;5.706;33.023;3.201;1.551;30.655
3.266;10.217;34.686;3.188;10.815;34.295;2.625;6.168;37.242;3.115;1.451;38.102;3.977;14.773;34.924;5.279;14.948;34.416;0.74;12.264;34.279;0.469;9.759;34.276;1.442;14.963;34.931;0.74;12.264;34.279;2.838;14.807;35.027;1.442;14.963;34.931;3.266;10.217;34.686;4.329;9.881;34.484;5.279;14.948;34.416;6.065;12.24;35.283;3.188;10.815;34.295;3.32;13.167;34.541;2.208;9.856;34.871;2.625;6.168;37.242;3.266;10.217;34.686;2.208;9.856;34.871;3.32;13.167;34.541;3.341;15.259;34.087;4.329;9.881;34.484;4.03;5.602;33.484;6.065;12.24;35.283;6.002;10.605;37.125;3.341;15.259;34.087;3.443;16.173;35.553;4.03;5.602;33.484;3.215;1.683;30.746
3.32;10.118;35.358;3.243;10.72;34.973;2.764;5.98;37.746;3.351;1.247;38.442;4.017;14.687;35.578;5.31;14.861;35.049;0.794;12.156;34.942;0.524;9.653;34.878;1.479;14.855;35.615;0.794;12.156;34.942;2.878;14.714;35.691;1.479;14.855;35.615;3.32;10.118;35.358;4.38;9.777;35.148;5.31;14.861;35.049;6.111;12.173;35.964;3.243;10.72;34.973;3.367;13.073;35.215;2.26;9.763;35.546;2.764;5.98;37.746;3.32;10.118;35.358;2.26;9.763;35.546;3.367;13.073;35.215;3.37;15.161;34.742;4.38;9.777;35.148;4.078;5.529;34.021;6.111;12.173;35.964;6.064;10.585;37.846;3.37;15.161;34.742;3.469;16.085;36.202;4.078;5.529;34.021;3.267;1.922;30.883
3.378;10.086;36.124;3.302;10.688;35.737;2.888;5.864;38.335;3.455;1.089;38.652;4.048;14.669;36.284;5.332;14.844;35.735;0.846;12.105;35.678;0.583;9.601;35.6;1.509;14.812;36.334;0.846;12.105;35.678;2.91;14.687;36.405;1.509;14.812;36.334;3.378;10.086;36.124;4.431;9.734;35.902;5.332;14.844;35.735;6.131;12.142;36.61;3.302;10.688;35.737;3.41;13.044;35.947;2.317;9.741;36.326;2.888;5.864;38.335;3.378;10.086;36.124;2.317;9.741;36.326;3.41;13.044;35.947;3.39;15.126;35.447;4.431;9.734;35.902;4.133;5.491;34.755;6.131;12.142;36.61;6.119;10.506;38.452;3.39;15.126;35.447;3.496;16.057;36.902;4.133;5.491;34.755;3.32;2.307;31.19
3.427;10.148;36.911;3.357;10.742;36.512;2.918;5.838;38.933;3.391;1.043;38.83;4.074;14.736;36.992;5.354;14.907;36.432;0.907;12.123;36.435;0.668;9.616;36.389;1.534;14.852;37.04;0.907;12.123;36.435;2.936;14.747;37.115;1.534;14.852;37.04;3.427;10.148;36.911;4.481;9.788;36.703;5.354;14.907;36.432;6.124;12.166;37.204;3.357;10.742;36.512;3.448;13.103;36.676;2.365;9.811;37.114;2.918;5.838;38.933;3.427;10.148;36.911;2.365;9.811;37.114;3.448;13.103;36.676;3.411;15.178;36.151;4.481;9.788;36.703;4.295;5.481;35.797;6.124;12.166;37.204;6.153;10.405;38.927;3.411;15.178;36.151;3.522;16.111;37.605;4.295;5.481;35.797;3.605;2.649;31.923
3.471;10.227;37.64;3.407;10.807;37.222;2.95;5.838;39.46;3.409;1.055;39.095;4.109;14.809;37.651;5.389;14.971;37.089;0.964;12.148;37.209;0.753;9.639;37.286;1.569;14.906;37.688;0.964;12.148;37.209;2.971;14.816;37.774;1.569;14.906;37.688;3.471;10.227;37.64;4.528;9.86;37.46;5.389;14.971;37.089;6.109;12.184;37.735;3.407;10.807;37.222;3.489;13.171;37.346;2.406;9.896;37.837;2.95;5.838;39.46;3.471;10.227;37.64;2.406;9.896;37.837;3.489;13.171;37.346;3.445;15.243;36.807;4.528;9.86;37.46;4.39;5.475;37.065;6.109;12.184;37.735;6.175;10.269;39.283;3.445;15.243;36.807;3.562;16.165;38.267;4.39;5.475;37.065;3.774;2.779;33.082
3.52;10.371;38.303;3.463;10.946;37.876;2.962;5.854;39.751;3.416;1.121;38.968;4.148;14.954;38.269;5.441;15.101;37.731;1.042;12.232;37.942;0.866;9.737;38.236;1.609;15.026;38.221;1.042;12.232;37.942;3.008;14.96;38.366;1.609;15.026;38.221;3.52;10.371;38.303;4.581;10.004;38.15;5.441;15.101;37.731;6.091;12.267;38.225;3.463;10.946;37.876;3.539;13.312;37.967;2.451;10.041;38.482;2.962;5.854;39.751;3.52;10.371;38.303;2.451;10.041;38.482;3.539;13.312;37.967;3.503;15.377;37.406;4.581;10.004;38.15;4.464;5.601;38.147;6.091;12.267;38.225;6.178;10.178;39.528;3.503;15.377;37.406;3.601;16.287;38.875;4.464;5.601;38.147;3.933;3.163;33.99
3.562;10.529;38.9;3.502;11.095;38.461;2.96;5.904;39.994;3.43;1.218;38.972;4.186;15.102;38.835;5.473;15.238;38.28;1.085;12.36;38.709;0.96;9.894;39.21;1.647;15.166;38.812;1.085;12.36;38.709;3.047;15.11;38.948;1.647;15.166;38.812;3.562;10.529;38.9;4.63;10.175;38.766;5.473;15.238;38.28;6.06;12.367;38.616;3.502;11.095;38.461;3.57;13.461;38.54;2.495;10.185;39.071;2.96;5.904;39.994;3.562;10.529;38.9;2.495;10.185;39.071;3.57;13.461;38.54;3.53;15.527;37.981;4.63;10.175;38.766;4.616;5.817;39.405;6.06;12.367;38.616;6.19;10.145;39.673;3.53;15.527;37.981;3.657;16.413;39.462;4.616;5.817;39.405;4.172;3.054;35.445
3.613;10.665;39.493;3.552;11.23;39.054;2.945;5.951;40.17;3.439;1.311;38.968;4.255;15.231;39.438;5.528;15.362;38.851;1.139;12.507;39.506;1.057;10.076;40.162;1.716;15.312;39.474;1.139;12.507;39.506;3.119;15.246;39.576;1.716;15.312;39.474;3.613;10.665;39.493;4.687;10.326;39.376;5.528;15.362;38.851;6.053;12.463;39.002;3.552;11.23;39.054;3.621;13.596;39.148;2.549;10.307;39.649;2.945;5.951;40.17;3.613;10.665;39.493;2.549;10.307;39.649;3.621;13.596;39.148;3.582;15.665;38.601;4.687;10.326;39.376;4.758;6.084;40.561;6.053;12.463;39.002;6.22;10.136;39.791;3.582;15.665;38.601;3.748;16.541;40.084;4.758;6.084;40.561;4.397;2.776;37.033
3.655;10.716;40.04;3.603;11.287;39.606;2.92;5.959;40.288;3.464;1.359;38.961;4.318;15.279;40.035;5.586;15.417;39.439;1.184;12.589;40.279;1.153;10.217;41.127;1.78;15.384;40.094;1.184;12.589;40.279;3.183;15.3;40.181;1.78;15.384;40.094;3.655;10.716;40.04;4.735;10.384;39.948;5.586;15.417;39.439;6.063;12.507;39.388;3.603;11.287;39.606;3.672;13.65;39.738;2.59;10.35;40.161;2.92;5.959;40.288;3.655;10.716;40.04;2.59;10.35;40.161;3.672;13.65;39.738;3.643;15.724;39.206;4.735;10.384;39.948;4.858;6.283;41.551;6.063;12.507;39.388;6.255;10.104;39.895;3.643;15.724;39.206;3.829;16.594;40.69;4.858;6.283;41.551;4.622;2.315;38.774
3.703;10.7;40.604;3.662;11.276;40.177;2.917;5.944;40.455;3.493;1.392;38.981;4.386;15.261;40.642;5.653;15.405;40.045;1.235;12.627;41.031;1.265;10.338;42.083;1.85;15.404;40.694;1.235;12.627;41.031;3.251;15.292;40.785;1.85;15.404;40.694;3.703;10.7;40.604;4.785;10.369;40.534;5.653;15.405;40.045;6.089;12.499;39.796;3.662;11.276;40.177;3.726;13.639;40.337;2.635;10.333;40.693;2.917;5.944;40.455;3.703;10.7;40.604;2.635;10.333;40.693;3.726;13.639;40.337;3.717;15.714;39.813;4.785;10.369;40.534;4.991;6.414;42.464;6.089;12.499;39.796;6.3;10.055;40.023;3.717;15.714;39.813;3.917;16.585;41.295;4.991;6.414;42.464;4.885;1.875;40.761
3.761;10.599;41.176;3.732;11.185;40.761;2.93;5.881;40.66;3.52;1.397;38.995;4.466;15.159;41.278;5.735;15.315;40.689;1.29;12.588;41.769;1.373;10.397;43.008;1.934;15.341;41.307;1.29;12.588;41.769;3.33;15.198;41.413;1.934;15.341;41.307;3.761;10.599;41.176;4.841;10.259;41.118;5.735;15.315;40.689;6.143;12.428;40.243;3.732;11.185;40.761;3.796;13.544;40.957;2.688;10.24;41.239;2.93;5.881;40.66;3.761;10.599;41.176;2.688;10.24;41.239;3.796;13.544;40.957;3.807;15.623;40.447;4.841;10.259;41.118;5.126;6.394;43.209;6.143;12.428;40.243;6.371;9.975;40.203;3.807;15.623;40.447;4.015;16.496;41.926;5.126;6.394;43.209;5.071;1.589;42.558
3.834;10.471;41.718;3.814;11.063;41.313;2.978;5.81;40.869;3.58;1.437;38.937;4.546;15.029;41.877;5.82;15.193;41.302;1.356;12.508;42.453;1.49;10.422;43.859;2.016;15.235;41.876;1.356;12.508;42.453;3.409;15.073;42.0;2.016;15.235;41.876;3.834;10.471;41.718;4.912;10.126;41.668;5.82;15.193;41.302;6.21;12.33;40.708;3.814;11.063;41.313;3.871;13.42;41.54;2.758;10.118;41.763;2.978;5.81;40.869;3.834;10.471;41.718;2.758;10.118;41.763;3.871;13.42;41.54;3.897;15.502;41.041;4.912;10.126;41.668;5.267;6.354;43.915;6.21;12.33;40.708;6.455;9.892;40.451;3.897;15.502;41.041;4.11;16.373;42.521;5.267;6.354;43.915;5.259;1.516;44.242
3.913;10.354;42.297;3.903;10.95;41.897;3.003;5.753;41.228;3.576;1.523;38.99;4.643;14.907;42.505;5.924;15.073;41.946;1.438;12.419;43.113;1.595;10.404;44.616;2.116;15.129;42.481;1.438;12.419;43.113;3.506;14.955;42.62;2.116;15.129;42.481;3.913;10.354;42.297;4.988;9.996;42.252;5.924;15.073;41.946;6.291;12.236;41.225;3.903;10.95;41.897;3.963;13.305;42.146;2.833;10.014;42.331;3.003;5.753;41.228;3.913;10.354;42.297;2.833;10.014;42.331;3.963;13.305;42.146;4.004;15.392;41.67;4.988;9.996;42.252;5.268;6.284;44.606;6.291;12.236;41.225;6.542;9.826;40.783;4.004;15.392;41.67;4.226;16.249;43.157;5.268;6.284;44.606;5.144;1.547;45.638
4.014;10.266;42.97;4.013;10.865;42.574;3.037;5.714;41.725;3.569;1.718;39.084;4.771;14.822;43.15;6.058;14.978;42.601;1.543;12.367;43.737;1.675;10.386;45.286;2.247;15.066;43.084;1.543;12.367;43.737;3.633;14.879;43.253;2.247;15.066;43.084;4.014;10.266;42.97;5.087;9.902;42.935;6.058;14.978;42.601;6.392;12.156;41.812;4.013;10.865;42.574;4.083;13.223;42.793;2.932;9.933;42.988;3.037;5.714;41.725;4.014;10.266;42.97;2.932;9.933;42.988;4.083;13.223;42.793;4.144;15.306;42.305;5.087;9.902;42.935;5.258;6.138;45.216;6.392;12.156;41.812;6.633;9.768;41.257;4.144;15.306;42.305;4.365;16.164;43.792;5.258;6.138;45.216;5.019;1.409;46.263
4.135;10.213;43.705;4.136;10.815;43.312;3.082;5.675;42.403;3.557;2.016;39.303;4.916;14.774;43.826;6.21;14.918;43.291;1.676;12.33;44.359;1.761;10.334;45.893;2.396;15.03;43.728;1.676;12.33;44.359;3.777;14.84;43.919;2.396;15.03;43.728;4.135;10.213;43.705;5.208;9.85;43.674;6.21;14.918;43.291;6.523;12.099;42.481;4.136;10.815;43.312;4.22;13.176;43.482;3.052;9.879;43.715;3.082;5.675;42.403;4.135;10.213;43.705;3.052;9.879;43.715;4.22;13.176;43.482;4.299;15.253;42.971;5.208;9.85;43.674;5.293;5.985;45.786;6.523;12.099;42.481;6.754;9.72;41.883;4.299;15.253;42.971;4.517;16.124;44.451;5.293;5.985;45.786;4.96;1.205;46.526
4.27;10.22;44.421;4.263;10.824;44.03;3.156;5.655;43.186;3.548;2.475;39.587;5.06;14.783;44.498;6.364;14.91;43.982;1.817;12.332;44.926;1.844;10.265;46.365;2.542;15.048;44.377;1.817;12.332;44.926;3.921;14.858;44.581;2.542;15.048;44.377;4.27;10.22;44.421;5.345;9.866;44.38;6.364;14.91;43.982;6.667;12.081;43.207;4.263;10.824;44.03;4.356;13.187;44.159;3.19;9.878;44.438;3.156;5.655;43.186;4.27;10.22;44.421;3.19;9.878;44.438;4.356;13.187;44.159;4.453;15.26;43.634;5.345;9.866;44.38;5.359;5.898;46.292;6.667;12.081;43.207;6.884;9.689;42.658;4.453;15.26;43.634;4.665;16.143;45.107;5.359;5.898;46.292;4.938;1.082;46.663
4.399;10.262;45.137;4.375;10.861;44.742;3.285;5.609;44.175;3.562;2.928;40.18;5.183;14.82;45.15;6.498;14.926;44.658;1.947;12.357;45.466;1.915;10.193;46.754;2.665;15.095;45.025;1.947;12.357;45.466;4.044;14.904;45.228;2.665;15.095;45.025;4.399;10.262;45.137;5.48;9.927;45.083;6.498;14.926;44.658;6.813;12.075;43.971;4.375;10.861;44.742;4.468;13.227;44.82;3.326;9.899;45.173;3.285;5.609;44.175;4.399;10.262;45.137;3.326;9.899;45.173;4.468;13.227;44.82;4.584;15.295;44.281;5.48;9.927;45.083;5.446;5.863;46.781;6.813;12.075;43.971;7.021;9.656;43.552;4.584;15.295;44.281;4.799;16.192;45.745;5.446;5.863;46.781;4.978;1.037;46.748
4.523;10.358;45.816;4.486;10.951;45.411;3.43;5.616;45.308;3.605;3.208;41.137;5.287;14.908;45.8;6.615;14.996;45.341;2.073;12.415;45.972;1.996;10.143;47.058;2.766;15.178;45.674;2.073;12.415;45.972;4.148;14.995;45.868;2.766;15.178;45.674;4.523;10.358;45.816;5.607;10.034;45.752;6.615;14.996;45.341;6.961;12.12;44.782;4.486;10.951;45.411;4.57;13.318;45.457;3.454;9.985;45.872;3.43;5.616;45.308;4.523;10.358;45.816;3.454;9.985;45.872;4.57;13.318;45.457;4.697;15.388;44.927;5.607;10.034;45.752;5.531;5.876;47.202;6.961;12.12;44.782;7.165;9.676;44.553;4.697;15.388;44.927;4.911;16.282;46.393;5.531;5.876;47.202;5.029;1.071;46.785
4.628;10.475;46.399;4.589;11.065;45.99;3.63;5.695;46.389;3.798;3.179;42.282;5.359;15.019;46.417;6.703;15.101;46.004;2.175;12.485;46.444;2.067;10.128;47.326;2.833;15.268;46.288;2.175;12.485;46.444;4.219;15.101;46.47;2.833;15.268;46.288;4.628;10.475;46.399;5.713;10.154;46.335;6.703;15.101;46.004;7.106;12.205;45.616;4.589;11.065;45.99;4.654;13.432;46.043;3.561;10.098;46.46;3.63;5.695;46.389;4.628;10.475;46.399;3.561;10.098;46.46;4.654;13.432;46.043;4.779;15.509;45.542;5.713;10.154;46.335;5.594;5.903;47.483;7.106;12.205;45.616;7.31;9.75;45.645;4.779;15.509;45.542;4.985;16.389;47.018;5.594;5.903;47.483;5.069;1.143;46.724
4.741;10.636;46.97;4.71;11.222;46.554;3.774;5.905;47.595;3.97;2.845;43.878;5.441;15.179;47.019;6.8;15.264;46.662;2.287;12.604;46.84;2.142;10.184;47.523;2.913;15.399;46.845;2.287;12.604;46.84;4.298;15.249;47.044;2.913;15.399;46.845;4.741;10.636;46.97;5.822;10.303;46.916;6.8;15.264;46.662;7.265;12.358;46.466;4.71;11.222;46.554;4.76;13.589;46.609;3.669;10.272;47.03;3.774;5.905;47.595;4.741;10.636;46.97;3.669;10.272;47.03;4.76;13.589;46.609;4.878;15.674;46.136;5.822;10.303;46.916;5.67;5.98;47.749;7.265;12.358;46.466;7.449;9.924;46.795;4.878;15.674;46.136;5.054;16.538;47.625;5.67;5.98;47.749;5.146;1.279;46.682
4.846;10.754;47.497;4.828;11.338;47.078;3.847;6.174;48.765;4.146;2.315;45.895;5.512;15.3;47.591;6.879;15.409;47.276;2.374;12.696;47.234;2.191;10.234;47.733;2.984;15.491;47.385;2.374;12.696;47.234;4.368;15.352;47.597;2.984;15.491;47.385;4.846;10.754;47.497;5.922;10.403;47.451;6.879;15.409;47.276;7.408;12.507;47.264;4.828;11.338;47.078;4.864;13.705;47.15;3.768;10.408;47.553;3.847;6.174;48.765;4.846;10.754;47.497;3.768;10.408;47.553;4.864;13.705;47.15;4.957;15.797;46.704;5.922;10.403;47.451;5.725;6.033;47.964;7.408;12.507;47.264;7.553;10.135;47.913;4.957;15.797;46.704;5.108;16.647;48.204;5.725;6.033;47.964;5.162;1.394;46.669
4.934;10.789;47.953;4.924;11.382;47.546;3.894;6.343;49.577;4.284;1.938;47.66;5.583;15.338;48.167;6.959;15.472;47.901;2.445;12.736;47.61;2.212;10.248;47.925;3.058;15.517;47.919;2.445;12.736;47.61;4.439;15.377;48.151;3.058;15.517;47.919;4.934;10.789;47.953;6.007;10.428;47.906;6.959;15.472;47.901;7.544;12.585;48.048;4.924;11.382;47.546;4.963;13.746;47.678;3.852;10.453;47.995;3.894;6.343;49.577;4.934;10.789;47.953;3.852;10.453;47.995;4.963;13.746;47.678;5.041;15.848;47.28;6.007;10.428;47.906;5.777;6.033;48.103;7.544;12.585;48.048;7.622;10.31;48.99;5.041;15.848;47.28;5.16;16.678;48.794;5.777;6.033;48.103;5.164;1.451;46.641
5.024;10.719;48.463;5.008;11.322;48.071;4.018;6.382;50.36;4.506;1.649;49.599;5.645;15.276;48.768;7.021;15.44;48.519;2.495;12.7;48.036;2.205;10.201;48.17;3.123;15.456;48.495;2.495;12.7;48.036;4.501;15.304;48.741;3.123;15.456;48.495;5.024;10.719;48.463;6.099;10.365;48.401;7.021;15.44;48.519;7.693;12.59;48.874;5.008;11.322;48.071;5.044;13.682;48.258;3.945;10.376;48.503;4.018;6.382;50.36;5.024;10.719;48.463;3.945;10.376;48.503;5.044;13.682;48.258;5.106;15.789;47.88;6.099;10.365;48.401;5.838;5.969;48.302;7.693;12.59;48.874;7.731;10.484;50.151;5.106;15.789;47.88;5.203;16.622;49.394;5.838;5.969;48.302;5.155;1.458;46.66
5.101;10.572;49.018;5.078;11.183;48.64;4.195;6.298;51.06;4.836;1.532;51.374;5.704;15.131;49.4;7.08;15.322;49.174;2.555;12.595;48.506;2.226;10.098;48.5;3.189;15.327;49.086;2.555;12.595;48.506;4.56;15.156;49.356;3.189;15.327;49.086;5.101;10.572;49.018;6.181;10.237;48.955;7.08;15.322;49.174;7.849;12.53;49.731;5.078;11.183;48.64;5.116;13.54;48.87;4.027;10.21;49.043;4.195;6.298;51.06;5.101;10.572;49.018;4.027;10.21;49.043;5.116;13.54;48.87;5.177;15.649;48.508;6.181;10.237;48.955;5.879;5.857;48.601;7.849;12.53;49.731;7.851;10.63;51.299;5.177;15.649;48.508;5.243;16.493;50.017;5.879;5.857;48.601;5.157;1.462;46.683
5.141;10.447;49.538;5.113;11.063;49.169;4.311;6.269;51.76;5.031;1.672;53.014;5.737;15.003;49.986;7.11;15.212;49.755;2.584;12.499;49.017;2.229;10.008;48.905;3.224;15.212;49.677;2.584;12.499;49.017;4.593;15.025;49.943;3.224;15.212;49.677;5.141;10.447;49.538;6.226;10.126;49.474;7.11;15.212;49.755;7.918;12.45;50.401;5.113;11.063;49.169;5.154;13.417;49.435;4.072;10.073;49.553;4.311;6.269;51.76;5.141;10.447;49.538;4.072;10.073;49.553;5.154;13.417;49.435;5.208;15.531;49.102;6.226;10.126;49.474;5.899;5.768;48.924;7.918;12.45;50.401;7.866;10.732;52.166;5.208;15.531;49.102;5.265;16.375;50.611;5.899;5.768;48.924;5.153;1.522;46.704
5.198;10.301;50.145;5.164;10.921;49.782;4.484;6.196;52.485;5.312;1.789;54.248;5.782;14.857;50.622;7.154;15.068;50.386;2.635;12.377;49.596;2.261;9.894;49.397;3.271;15.077;50.31;2.635;12.377;49.596;4.639;14.877;50.575;3.271;15.077;50.31;5.198;10.301;50.145;6.285;9.989;50.077;7.154;15.068;50.386;7.997;12.337;51.115;5.164;10.921;49.782;5.204;13.273;50.06;4.131;9.919;50.157;4.484;6.196;52.485;5.198;10.301;50.145;4.131;9.919;50.157;5.204;13.273;50.06;5.255;15.389;49.738;6.285;9.989;50.077;5.945;5.657;49.354;7.997;12.337;51.115;7.925;10.782;53.024;5.255;15.389;49.738;5.293;16.244;51.242;5.945;5.657;49.354;5.193;1.647;46.732
5.237;10.21;50.822;5.2;10.831;50.462;4.634;6.13;53.192;5.565;1.722;54.902;5.816;14.772;51.268;7.181;14.971;50.985;2.672;12.288;50.286;2.295;9.81;50.041;3.299;14.989;51.006;2.672;12.288;50.286;4.672;14.788;51.244;3.299;14.989;51.006;5.237;10.21;50.822;6.322;9.895;50.737;7.181;14.971;50.985;8.013;12.233;51.701;5.2;10.831;50.462;5.233;13.186;50.72;4.17;9.83;50.848;4.634;6.13;53.192;5.237;10.21;50.822;4.17;9.83;50.848;5.233;13.186;50.72;5.269;15.301;50.394;6.322;9.895;50.737;5.991;5.58;49.916;8.013;12.233;51.701;7.967;10.782;53.691;5.269;15.301;50.394;5.319;16.175;51.887;5.991;5.58;49.916;5.246;1.88;46.872
5.276;10.157;51.566;5.24;10.778;51.206;4.741;6.058;53.888;5.696;1.523;55.208;5.839;14.731;51.954;7.203;14.914;51.657;2.728;12.219;50.99;2.373;9.736;50.758;3.322;14.933;51.688;2.728;12.219;50.99;4.695;14.74;51.932;3.322;14.933;51.688;5.276;10.157;51.566;6.355;9.828;51.463;7.203;14.914;51.657;7.999;12.155;52.329;5.24;10.778;51.206;5.264;13.136;51.42;4.204;9.79;51.61;4.741;6.058;53.888;5.276;10.157;51.566;4.204;9.79;51.61;5.264;13.136;51.42;5.288;15.249;51.077;6.355;9.828;51.463;6.033;5.517;50.617;7.999;12.155;52.329;7.97;10.707;54.322;5.288;15.249;51.077;5.331;16.153;52.553;6.033;5.517;50.617;5.316;2.248;47.109
5.309;10.186;52.291;5.281;10.803;51.924;4.777;6.044;54.517;5.657;1.383;55.371;5.859;14.763;52.638;7.223;14.939;52.335;2.776;12.214;51.711;2.458;9.722;51.532;3.34;14.943;52.37;2.776;12.214;51.711;4.715;14.763;52.616;3.34;14.943;52.37;5.309;10.186;52.291;6.383;9.839;52.187;7.223;14.939;52.335;7.987;12.144;52.889;5.281;10.803;51.924;5.297;13.165;52.1;4.232;9.837;52.345;4.777;6.044;54.517;5.309;10.186;52.291;4.232;9.837;52.345;5.297;13.165;52.1;5.304;15.279;51.762;6.383;9.839;52.187;6.065;5.505;51.468;7.987;12.144;52.889;7.99;10.595;54.804;5.304;15.279;51.762;5.33;16.193;53.231;6.065;5.505;51.468;5.427;2.744;47.533
5.339;10.226;53.014;5.316;10.836;52.633;4.848;5.967;54.996;5.709;1.235;55.3;5.883;14.803;53.287;7.246;14.969;52.977;2.809;12.218;52.454;2.528;9.715;52.4;3.362;14.969;53.028;2.809;12.218;52.454;4.739;14.797;53.268;3.362;14.969;53.028;5.339;10.226;53.014;6.412;9.874;52.927;7.246;14.969;52.977;7.968;12.138;53.382;5.316;10.836;52.633;5.327;13.201;52.753;4.26;9.882;53.066;4.848;5.967;54.996;5.339;10.226;53.014;4.26;9.882;53.066;5.327;13.201;52.753;5.323;15.315;52.412;6.412;9.874;52.927;6.145;5.493;52.557;7.968;12.138;53.382;8.005;10.44;55.166;5.323;15.315;52.412;5.341;16.245;53.871;6.145;5.493;52.557;5.664;3.109;48.362
5.367;10.333;53.678;5.346;10.931;53.279;4.883;5.959;55.41;5.709;1.213;55.298;5.93;14.896;53.896;7.292;15.046;53.574;2.845;12.29;53.203;2.608;9.785;53.329;3.406;15.061;53.665;2.845;12.29;53.203;4.785;14.892;53.888;3.406;15.061;53.665;5.367;10.333;53.678;6.441;9.98;53.609;7.292;15.046;53.574;7.959;12.181;53.798;5.346;10.931;53.279;5.366;13.298;53.358;4.289;9.988;53.732;4.883;5.959;55.41;5.367;10.333;53.678;4.289;9.988;53.732;5.366;13.298;53.358;5.362;15.414;53.029;6.441;9.98;53.609;6.284;5.581;53.764;7.959;12.181;53.798;8.032;10.305;55.392;5.362;15.414;53.029;5.381;16.352;54.483;6.284;5.581;53.764;5.894;3.252;49.529
5.372;10.488;54.291;5.348;11.076;53.878;4.878;5.976;55.685;5.688;1.244;55.259;5.95;15.035;54.464;7.312;15.172;54.135;2.864;12.409;53.917;2.694;9.924;54.296;3.425;15.199;54.237;2.864;12.409;53.917;4.805;15.037;54.46;3.425;15.199;54.237;5.372;10.488;54.291;6.451;10.147;54.242;7.312;15.172;54.135;7.929;12.287;54.122;5.348;11.076;53.878;5.376;13.444;53.918;4.297;10.131;54.343;4.878;5.976;55.685;5.372;10.488;54.291;4.297;10.131;54.343;5.376;13.444;53.918;5.382;15.561;53.603;6.451;10.147;54.242;6.415;5.805;54.981;7.929;12.287;54.122;8.033;10.215;55.449;5.382;15.561;53.603;5.405;16.497;55.059;6.415;5.805;54.981;6.068;3.223;50.891
5.4;10.634;54.866;5.376;11.214;54.442;4.881;6.015;55.926;5.68;1.311;55.255;5.984;15.168;55.002;7.351;15.294;54.693;2.914;12.533;54.501;2.804;10.104;55.158;3.468;15.336;54.698;2.914;12.533;54.501;4.84;15.179;54.973;3.468;15.336;54.698;5.4;10.634;54.866;6.484;10.306;54.842;7.351;15.294;54.693;7.934;12.412;54.455;5.376;11.214;54.442;5.411;13.582;54.441;4.329;10.265;54.906;4.881;6.015;55.926;5.4;10.634;54.866;4.329;10.265;54.906;5.411;13.582;54.441;5.438;15.7;54.13;6.484;10.306;54.842;6.545;6.089;56.115;7.934;12.412;54.455;8.047;10.18;55.491;5.438;15.7;54.13;5.434;16.636;55.585;6.545;6.089;56.115;6.281;2.915;52.46
5.418;10.716;55.422;5.398;11.297;55.0;4.871;6.022;56.12;5.66;1.351;55.234;6.05;15.241;55.582;7.412;15.354;55.243;2.951;12.626;55.294;2.9;10.289;56.234;3.532;15.43;55.309;2.951;12.626;55.294;4.906;15.264;55.568;3.532;15.43;55.309;5.418;10.716;55.422;6.504;10.391;55.41;7.412;15.354;55.243;7.937;12.492;54.761;5.398;11.297;55.0;5.452;13.665;55.018;4.348;10.344;55.446;4.871;6.022;56.12;5.418;10.716;55.422;4.348;10.344;55.446;5.452;13.665;55.018;5.499;15.785;54.721;6.504;10.391;55.41;6.626;6.286;57.003;7.937;12.492;54.761;8.074;10.143;55.492;5.499;15.785;54.721;5.516;16.733;56.168;6.626;6.286;57.003;6.458;2.434;54.063
5.451;10.729;55.94;5.444;11.314;55.522;4.857;5.994;56.278;5.645;1.366;55.188;6.096;15.253;56.136;7.459;15.363;55.801;3.014;12.628;55.979;3.017;10.417;57.186;3.583;15.43;55.812;3.014;12.628;55.979;4.952;15.28;56.103;3.583;15.43;55.812;5.451;10.729;55.94;6.536;10.402;55.956;7.459;15.363;55.801;7.953;12.543;55.091;5.444;11.314;55.522;5.503;13.681;55.556;4.38;10.359;55.932;4.857;5.994;56.278;5.451;10.729;55.94;4.38;10.359;55.932;5.503;13.681;55.556;5.561;15.802;55.267;6.536;10.402;55.956;6.709;6.411;57.811;7.953;12.543;55.091;8.104;10.12;55.509;5.561;15.802;55.267;5.554;16.758;56.709;6.709;6.411;57.811;6.669;1.968;55.868
5.52;10.673;56.538;5.527;11.26;56.123;4.89;5.923;56.559;5.679;1.365;55.207;6.168;15.202;56.739;7.533;15.305;56.408;3.085;12.572;56.735;3.101;10.513;58.187;3.661;15.352;56.358;3.085;12.572;56.735;5.025;15.229;56.681;3.661;15.352;56.358;5.52;10.673;56.538;6.603;10.344;56.588;7.533;15.305;56.408;7.995;12.536;55.503;5.527;11.26;56.123;5.587;13.627;56.155;4.449;10.305;56.493;4.89;5.923;56.559;5.52;10.673;56.538;4.449;10.305;56.493;5.587;13.627;56.155;5.652;15.746;55.856;6.603;10.344;56.588;6.76;6.441;58.623;7.995;12.536;55.503;8.152;10.081;55.629;5.652;15.746;55.856;5.611;16.726;57.281;6.76;6.441;58.623;6.794;1.69;57.651
5.571;10.577;57.079;5.584;11.17;56.674;4.904;5.827;56.845;5.664;1.371;55.178;6.231;15.108;57.328;7.593;15.212;56.988;3.168;12.464;57.458;3.23;10.515;59.053;3.721;15.226;56.941;3.168;12.464;57.458;5.088;15.135;57.264;3.721;15.226;56.941;5.571;10.577;57.079;6.653;10.246;57.138;7.593;15.212;56.988;8.029;12.504;55.903;5.584;11.17;56.674;5.653;13.537;56.731;4.5;10.21;57.014;4.904;5.827;56.845;5.571;10.577;57.079;4.5;10.21;57.014;5.653;13.537;56.731;5.72;15.657;56.446;6.653;10.246;57.138;6.826;6.324;59.136;8.029;12.504;55.903;8.201;10.05;55.767;5.72;15.657;56.446;5.67;16.648;57.864;6.826;6.324;59.136;6.885;1.499;58.653
5.654;10.48;57.674;5.659;11.067;57.259;4.969;5.723;57.315;5.673;1.405;55.295;6.313;15.004;57.904;7.671;15.109;57.549;3.226;12.376;58.17;3.3;10.515;59.866;3.8;15.108;57.53;3.226;12.376;58.17;5.17;15.032;57.844;3.8;15.108;57.53;5.654;10.48;57.674;6.74;10.162;57.733;7.671;15.109;57.549;8.083;12.448;56.343;5.659;11.067;57.259;5.733;13.434;57.306;4.587;10.101;57.619;4.969;5.723;57.315;5.654;10.48;57.674;4.587;10.101;57.619;5.733;13.434;57.306;5.8;15.555;57.025;6.74;10.162;57.733;7.072;6.389;59.983;8.083;12.448;56.343;8.263;10.014;56.013;5.8;15.555;57.025;5.746;16.549;58.44;7.072;6.389;59.983;7.263;1.56;60.375
5.715;10.393;58.272;5.732;10.989;57.87;4.982;5.664;57.713;5.638;1.561;55.272;6.425;14.917;58.529;7.785;15.012;58.176;3.27;12.337;58.758;3.279;10.51;60.493;3.923;15.048;58.104;3.27;12.337;58.758;5.284;14.956;58.45;3.923;15.048;58.104;5.715;10.393;58.272;6.796;10.06;58.335;7.785;15.012;58.176;8.165;12.388;56.883;5.732;10.989;57.87;5.84;13.354;57.918;4.645;10.029;58.2;4.982;5.664;57.713;5.715;10.393;58.272;4.645;10.029;58.2;5.84;13.354;57.918;5.933;15.475;57.642;6.796;10.06;58.335;6.841;6.099;60.26;8.165;12.388;56.883;8.333;9.977;56.407;5.933;15.475;57.642;5.847;16.462;59.061;6.841;6.099;60.26;6.725;1.252;60.323
5.816;10.351;58.961;5.829;10.94;58.549;5.034;5.617;58.33;5.61;1.807;55.437;6.548;14.873;59.12;7.902;14.959;58.747;3.371;12.283;59.245;3.335;10.359;60.869;4.047;15.011;58.692;3.371;12.283;59.245;5.407;14.917;59.043;4.047;15.011;58.692;5.816;10.351;58.961;6.899;10.028;59.033;7.902;14.959;58.747;8.25;12.331;57.454;5.829;10.94;58.549;5.953;13.305;58.531;4.749;9.977;58.891;5.034;5.617;58.33;5.816;10.351;58.961;4.749;9.977;58.891;5.953;13.305;58.531;6.056;15.422;58.227;6.899;10.028;59.033;6.866;6.064;60.954;8.25;12.331;57.454;8.407;9.927;56.94;6.056;15.422;58.227;5.98;16.432;59.63;6.866;6.064;60.954;6.665;1.221;61.087
