0.0;10.351;0.0;-0.033;10.996;-0.314;-0.896;5.604;0.629;-0.865;1.421;-1.764;0.722;14.943;0.451;2.061;15.098;0.045;-2.614;12.228;0.224;-2.802;9.785;0.807;-1.81;14.976;0.168;-2.614;12.228;0.224;-0.421;14.972;0.398;-1.81;14.976;0.168;0.0;10.351;0.0;1.094;10.061;-0.057;2.061;15.098;0.045;2.576;12.225;-0.381;-0.033;10.996;-0.314;0.131;13.345;-0.056;-1.06;9.953;-0.052;-0.896;5.604;0.629;0.0;10.351;0.0;-1.06;9.953;-0.052;0.131;13.345;-0.056;0.204;15.447;-0.454;1.094;10.061;-0.057;0.738;5.698;-0.545;2.576;12.225;-0.381;2.605;9.813;0.116;0.204;15.447;-0.454;0.236;16.346;1.025;0.738;5.698;-0.545;0.244;1.178;-2.231
0.032;10.357;0.133;0.004;11.004;-0.181;-0.819;5.674;1.039;-0.82;1.545;-1.445;0.758;14.923;0.702;2.099;15.081;0.305;-2.581;12.229;0.348;-2.79;9.772;0.863;-1.768;14.976;0.381;-2.581;12.229;0.348;-0.384;14.959;0.637;-1.768;14.976;0.381;0.032;10.357;0.133;1.123;10.058;0.073;2.099;15.081;0.305;2.624;12.22;-0.179;0.004;11.004;-0.181;0.166;13.345;0.136;-1.031;9.969;0.083;-0.819;5.674;1.039;0.032;10.357;0.133;-1.031;9.969;0.083;0.166;13.345;0.136;0.252;15.459;-0.191;1.123;10.058;0.073;0.759;5.704;-0.488;2.624;12.22;-0.179;2.636;9.81;0.334;0.252;15.459;-0.191;0.268;16.336;1.3;0.759;5.704;-0.488;0.246;1.209;-2.233
0.053;10.365;0.28;0.033;11.011;-0.033;-0.76;5.776;1.493;-0.743;1.577;-0.87;0.794;14.902;0.953;2.139;15.062;0.567;-2.553;12.241;0.469;-2.796;9.771;0.899;-1.727;14.98;0.602;-2.553;12.241;0.469;-0.347;14.947;0.879;-1.727;14.98;0.602;0.053;10.365;0.28;1.141;10.052;0.219;2.139;15.062;0.567;2.675;12.205;0.067;0.033;11.011;-0.033;0.2;13.345;0.336;-1.014;9.988;0.229;-0.76;5.776;1.493;0.053;10.365;0.28;-1.014;9.988;0.229;0.2;13.345;0.336;0.3;15.467;0.071;1.141;10.052;0.219;0.774;5.71;-0.422;2.675;12.205;0.067;2.659;9.811;0.647;0.3;15.467;0.071;0.305;16.324;1.574;0.774;5.71;-0.422;0.251;1.244;-2.237
0.071;10.374;0.465;0.059;11.022;0.154;-0.703;5.904;1.977;-0.589;1.553;-0.091;0.822;14.886;1.235;2.168;15.063;0.861;-2.536;12.25;0.631;-2.821;9.77;0.964;-1.695;14.979;0.861;-2.536;12.25;0.631;-0.319;14.933;1.155;-1.695;14.979;0.861;0.071;10.374;0.465;1.156;10.05;0.409;2.168;15.063;0.861;2.732;12.214;0.345;0.059;11.022;0.154;0.231;13.347;0.573;-1.0;10.009;0.409;-0.703;5.904;1.977;0.071;10.374;0.465;-1.0;10.009;0.409;0.231;13.347;0.573;0.333;15.475;0.365;1.156;10.05;0.409;0.786;5.723;-0.324;2.732;12.214;0.345;2.689;9.845;1.018;0.333;15.475;0.365;0.332;16.311;1.88;0.786;5.723;-0.324;0.262;1.296;-2.232
0.095;10.353;0.663;0.09;11.002;0.356;-0.669;6.015;2.455;-0.461;1.459;0.9;0.854;14.837;1.542;2.201;15.038;1.185;-2.515;12.23;0.805;-2.854;9.742;1.014;-1.658;14.941;1.147;-2.515;12.23;0.805;-0.286;14.884;1.456;-1.658;14.941;1.147;0.095;10.353;0.663;1.176;10.018;0.608;2.201;15.038;1.185;2.808;12.196;0.684;0.09;11.002;0.356;0.271;13.315;0.834;-0.98;9.999;0.603;-0.669;6.015;2.455;0.095;10.353;0.663;-0.98;9.999;0.603;0.271;13.315;0.834;0.37;15.448;0.687;1.176;10.018;0.608;0.799;5.71;-0.228;2.808;12.196;0.684;2.729;9.871;1.495;0.37;15.448;0.687;0.361;16.261;2.214;0.799;5.71;-0.228;0.265;1.332;-2.243
0.108;10.303;0.935;0.111;10.954;0.63;-0.671;6.092;2.951;-0.36;1.366;2.064;0.879;14.766;1.889;2.224;14.991;1.539;-2.501;12.194;1.018;-2.892;9.707;1.097;-1.629;14.884;1.475;-2.501;12.194;1.018;-0.261;14.813;1.799;-1.629;14.884;1.475;0.108;10.303;0.935;1.187;9.96;0.888;2.224;14.991;1.539;2.875;12.151;1.081;0.111;10.954;0.63;0.301;13.257;1.148;-0.969;9.959;0.862;-0.671;6.092;2.951;0.108;10.303;0.935;-0.969;9.959;0.862;0.301;13.257;1.148;0.398;15.393;1.044;1.187;9.96;0.888;0.797;5.675;-0.053;2.875;12.151;1.081;2.76;9.897;2.069;0.398;15.393;1.044;0.383;16.19;2.58;0.797;5.675;-0.053;0.279;1.37;-2.224
0.128;10.238;1.217;0.134;10.891;0.918;-0.655;6.14;3.419;-0.233;1.342;3.261;0.907;14.675;2.261;2.244;14.93;1.904;-2.49;12.134;1.312;-2.921;9.653;1.289;-1.601;14.802;1.855;-2.49;12.134;1.312;-0.234;14.719;2.18;-1.601;14.802;1.855;0.128;10.238;1.217;1.206;9.891;1.168;2.244;14.93;1.904;2.948;12.096;1.488;0.134;10.891;0.918;0.33;13.181;1.49;-0.95;9.898;1.141;-0.655;6.14;3.419;0.128;10.238;1.217;-0.95;9.898;1.141;0.33;13.181;1.49;0.417;15.32;1.433;1.206;9.891;1.168;0.796;5.636;0.103;2.948;12.096;1.488;2.823;9.928;2.651;0.417;15.32;1.433;0.408;16.092;2.982;0.796;5.636;0.103;0.263;1.416;-2.224
0.139;10.15;1.572;0.147;10.805;1.278;-0.656;6.132;3.891;-0.134;1.366;4.38;0.907;14.577;2.661;2.242;14.844;2.302;-2.481;12.061;1.602;-2.941;9.589;1.462;-1.598;14.71;2.243;-2.481;12.061;1.602;-0.234;14.619;2.578;-1.598;14.71;2.243;0.139;10.15;1.572;1.216;9.802;1.527;2.242;14.844;2.302;2.97;12.003;1.983;0.147;10.805;1.278;0.335;13.089;1.875;-0.94;9.811;1.487;-0.656;6.132;3.891;0.139;10.15;1.572;-0.94;9.811;1.487;0.335;13.089;1.875;0.416;15.228;1.838;1.216;9.802;1.527;0.802;5.582;0.336;2.97;12.003;1.983;2.815;9.943;3.324;0.416;15.228;1.838;0.408;15.986;3.394;0.802;5.582;0.336;0.299;1.479;-2.199
0.149;10.05;1.973;0.157;10.708;1.683;-0.627;6.078;4.357;-0.036;1.386;5.281;0.929;14.458;3.117;2.263;14.718;2.75;-2.457;11.987;1.951;-2.948;9.53;1.684;-1.574;14.607;2.699;-2.457;11.987;1.951;-0.212;14.504;3.039;-1.574;14.607;2.699;0.149;10.05;1.973;1.225;9.7;1.92;2.263;14.718;2.75;2.987;11.872;2.466;0.157;10.708;1.683;0.351;12.984;2.31;-0.931;9.716;1.891;-0.627;6.078;4.357;0.149;10.05;1.973;-0.931;9.716;1.891;0.351;12.984;2.31;0.438;15.123;2.306;1.225;9.7;1.92;0.791;5.515;0.615;2.987;11.872;2.466;2.825;9.875;3.899;0.438;15.123;2.306;0.436;15.864;3.87;0.791;5.515;0.615;0.3;1.568;-2.159
0.162;9.999;2.431;0.17;10.658;2.145;-0.588;6.011;4.791;0.029;1.334;5.772;0.934;14.398;3.61;2.27;14.647;3.244;-2.428;11.942;2.348;-2.931;9.502;1.979;-1.566;14.545;3.176;-2.428;11.942;2.348;-0.207;14.443;3.528;-1.566;14.545;3.176;0.162;9.999;2.431;1.236;9.645;2.363;2.27;14.647;3.244;3.0;11.799;3.008;0.17;10.658;2.145;0.36;12.929;2.79;-0.92;9.669;2.36;-0.588;6.011;4.791;0.162;9.999;2.431;-0.92;9.669;2.36;0.36;12.929;2.79;0.443;15.069;2.802;1.236;9.645;2.363;0.807;5.486;0.978;3.0;11.799;3.008;2.849;9.832;4.484;0.443;15.069;2.802;0.439;15.8;4.371;0.807;5.486;0.978;0.358;1.741;-2.069
0.159;9.971;2.944;0.167;10.633;2.666;-0.54;5.889;5.15;0.088;1.16;5.828;0.926;14.372;4.138;2.265;14.604;3.772;-2.405;11.923;2.803;-2.908;9.497;2.35;-1.572;14.515;3.694;-2.405;11.923;2.803;-0.215;14.416;4.056;-1.572;14.515;3.694;0.159;9.971;2.944;1.23;9.61;2.854;2.265;14.604;3.772;2.997;11.754;3.563;0.167;10.633;2.666;0.354;12.902;3.319;-0.926;9.649;2.888;-0.54;5.889;5.15;0.159;9.971;2.944;-0.926;9.649;2.888;0.354;12.902;3.319;0.435;15.042;3.33;1.23;9.61;2.854;0.811;5.479;1.383;2.997;11.754;3.563;2.882;9.773;5.024;0.435;15.042;3.33;0.436;15.774;4.897;0.811;5.479;1.383;0.424;2.025;-1.998
0.164;9.974;3.52;0.174;10.637;3.244;-0.471;5.808;5.563;0.171;1.043;5.89;0.899;14.388;4.701;2.244;14.609;4.347;-2.388;11.929;3.3;-2.87;9.508;2.796;-1.594;14.517;4.235;-2.388;11.929;3.3;-0.241;14.425;4.612;-1.594;14.517;4.235;0.164;9.974;3.52;1.23;9.604;3.412;2.244;14.609;4.347;2.984;11.763;4.115;0.174;10.637;3.244;0.34;12.911;3.886;-0.924;9.663;3.481;-0.471;5.808;5.563;0.164;9.974;3.52;-0.924;9.663;3.481;0.34;12.911;3.886;0.41;15.05;3.886;1.23;9.604;3.412;0.793;5.466;1.966;2.984;11.763;4.115;2.919;9.707;5.472;0.41;15.05;3.886;0.41;15.79;5.451;0.793;5.466;1.966;0.442;2.327;-1.713
0.184;10.04;4.155;0.202;10.7;3.872;-0.451;5.781;5.987;0.167;1.002;5.955;0.896;14.469;5.291;2.249;14.67;4.958;-2.358;11.988;3.884;-2.816;9.56;3.391;-1.594;14.59;4.806;-2.358;11.988;3.884;-0.243;14.503;5.193;-1.594;14.59;4.806;0.184;10.04;4.155;1.245;9.656;4.056;2.249;14.67;4.958;2.97;11.825;4.659;0.202;10.7;3.872;0.347;12.983;4.486;-0.908;9.74;4.111;-0.451;5.781;5.987;0.184;10.04;4.155;-0.908;9.74;4.111;0.347;12.983;4.486;0.413;15.123;4.467;1.245;9.656;4.056;0.777;5.474;2.757;2.97;11.825;4.659;2.939;9.667;5.846;0.413;15.123;4.467;0.407;15.871;6.027;0.777;5.474;2.757;0.565;2.758;-1.255
0.193;10.114;4.755;0.218;10.769;4.46;-0.446;5.751;6.332;0.174;0.984;5.99;0.889;14.561;5.818;2.243;14.744;5.477;-2.354;12.04;4.503;-2.782;9.596;4.066;-1.609;14.667;5.367;-2.354;12.04;4.503;-0.251;14.59;5.73;-1.609;14.667;5.367;0.193;10.114;4.755;1.255;9.726;4.677;2.243;14.744;5.477;2.935;11.899;5.114;0.218;10.769;4.46;0.338;13.064;5.035;-0.899;9.818;4.703;-0.446;5.751;6.332;0.193;10.114;4.755;-0.899;9.818;4.703;0.338;13.064;5.035;0.395;15.203;4.99;1.255;9.726;4.677;0.785;5.458;3.695;2.935;11.899;5.114;2.946;9.659;6.138;0.395;15.203;4.99;0.41;15.952;6.551;0.785;5.458;3.695;0.755;3.119;-0.552
0.216;10.209;5.389;0.24;10.855;5.075;-0.442;5.719;6.64;0.184;0.984;5.998;0.902;14.678;6.333;2.249;14.846;5.962;-2.347;12.102;5.18;-2.748;9.638;4.846;-1.608;14.763;5.939;-2.347;12.102;5.18;-0.241;14.701;6.268;-1.608;14.763;5.939;0.216;10.209;5.389;1.282;9.828;5.34;2.249;14.846;5.962;2.906;12.006;5.507;0.24;10.855;5.075;0.341;13.165;5.589;-0.873;9.902;5.329;-0.442;5.719;6.64;0.216;10.209;5.389;-0.873;9.902;5.329;0.341;13.165;5.589;0.388;15.303;5.505;1.282;9.828;5.34;0.87;5.466;4.888;2.906;12.006;5.507;2.962;9.697;6.362;0.388;15.303;5.505;0.435;16.061;7.06;0.87;5.466;4.888;0.98;3.332;0.535
0.222;10.343;5.972;0.238;10.979;5.637;-0.455;5.733;6.869;0.186;1.038;5.995;0.918;14.82;6.816;2.256;14.973;6.406;-2.34;12.199;5.863;-2.706;9.715;5.66;-1.603;14.894;6.492;-2.34;12.199;5.863;-0.226;14.843;6.781;-1.603;14.894;6.492;0.222;10.343;5.972;1.296;9.981;5.948;2.256;14.973;6.406;2.861;12.14;5.848;0.238;10.979;5.637;0.336;13.299;6.105;-0.86;10.013;5.909;-0.455;5.733;6.869;0.222;10.343;5.972;-0.86;10.013;5.909;0.336;13.299;6.105;0.382;15.436;5.994;1.296;9.981;5.948;0.99;5.592;6.178;2.861;12.14;5.848;2.938;9.781;6.552;0.382;15.436;5.994;0.469;16.193;7.548;0.99;5.592;6.178;1.171;3.279;1.92
0.242;10.469;6.529;0.248;11.097;6.18;-0.463;5.765;7.045;0.187;1.11;5.983;0.944;14.954;7.287;2.268;15.099;6.831;-2.336;12.298;6.591;-2.661;9.8;6.587;-1.585;15.025;7.039;-2.336;12.298;6.591;-0.2;14.977;7.286;-1.585;15.025;7.039;0.242;10.469;6.529;1.323;10.129;6.524;2.268;15.099;6.831;2.818;12.28;6.16;0.248;11.097;6.18;0.341;13.424;6.612;-0.833;10.115;6.464;-0.463;5.765;7.045;0.242;10.469;6.529;-0.833;10.115;6.464;0.341;13.424;6.612;0.385;15.56;6.474;1.323;10.129;6.524;1.137;5.818;7.412;2.818;12.28;6.16;2.907;9.885;6.727;0.385;15.56;6.474;0.513;16.317;8.025;1.137;5.818;7.412;1.335;3.033;3.448
0.269;10.547;7.086;0.268;11.171;6.729;-0.464;5.789;7.221;0.186;1.176;5.988;0.98;15.036;7.786;2.292;15.178;7.296;-2.335;12.377;7.343;-2.616;9.884;7.567;-1.554;15.121;7.593;-2.335;12.377;7.343;-0.164;15.063;7.809;-1.554;15.121;7.593;0.269;10.547;7.086;1.355;10.222;7.091;2.292;15.178;7.296;2.79;12.378;6.514;0.268;11.171;6.729;0.357;13.501;7.141;-0.8;10.177;7.018;-0.464;5.789;7.221;0.269;10.547;7.086;-0.8;10.177;7.018;0.357;13.501;7.141;0.405;15.635;6.978;1.355;10.222;7.091;1.297;6.058;8.527;2.79;12.378;6.514;2.876;9.955;6.949;0.405;15.635;6.978;0.564;16.398;8.524;1.297;6.058;8.527;1.461;2.605;5.126
0.293;10.557;7.62;0.292;11.181;7.263;-0.469;5.791;7.398;0.18;1.229;5.989;1.015;15.047;8.304;2.32;15.196;7.796;-2.321;12.4;8.058;-2.544;9.929;8.491;-1.52;15.149;8.142;-2.321;12.4;8.058;-0.128;15.078;8.341;-1.52;15.149;8.142;0.293;10.557;7.62;1.38;10.236;7.632;2.32;15.196;7.796;2.787;12.43;6.887;0.292;11.181;7.263;0.381;13.512;7.672;-0.774;10.183;7.547;-0.469;5.791;7.398;0.293;10.557;7.62;-0.774;10.183;7.547;0.381;13.512;7.672;0.433;15.645;7.501;1.38;10.236;7.632;1.431;6.228;9.458;2.787;12.43;6.887;2.874;9.983;7.164;0.433;15.645;7.501;0.61;16.41;9.043;1.431;6.228;9.458;1.551;2.096;6.923
0.324;10.493;8.167;0.327;11.118;7.813;-0.459;5.754;7.622;0.189;1.261;6.005;1.063;14.985;8.844;2.364;15.134;8.327;-2.295;12.363;8.814;-2.445;9.943;9.495;-1.473;15.104;8.701;-2.295;12.363;8.814;-0.08;15.019;8.889;-1.473;15.104;8.701;0.324;10.493;8.167;1.409;10.166;8.179;2.364;15.134;8.327;2.792;12.396;7.317;0.327;11.118;7.813;0.419;13.449;8.224;-0.745;10.125;8.09;-0.459;5.754;7.622;0.324;10.493;8.167;-0.745;10.125;8.09;0.419;13.449;8.224;0.476;15.581;8.043;1.409;10.166;8.179;1.567;6.28;10.247;2.792;12.396;7.317;2.868;9.937;7.45;0.476;15.581;8.043;0.666;16.354;9.579;1.567;6.28;10.247;1.618;1.66;8.775
0.359;10.375;8.714;0.368;11.002;8.363;-0.451;5.682;7.922;0.19;1.268;6.098;1.116;14.863;9.408;2.418;15.012;8.894;-2.26;12.274;9.539;-2.344;9.92;10.43;-1.419;14.999;9.265;-2.26;12.274;9.539;-0.027;14.902;9.454;-1.419;14.999;9.265;0.359;10.375;8.714;1.44;10.036;8.724;2.418;15.012;8.894;2.817;12.311;7.778;0.368;11.002;8.363;0.466;13.33;8.786;-0.715;10.02;8.636;-0.451;5.682;7.922;0.359;10.375;8.714;-0.715;10.02;8.636;0.466;13.33;8.786;0.531;15.463;8.608;1.44;10.036;8.724;1.689;6.24;10.945;2.817;12.311;7.778;2.884;9.849;7.738;0.531;15.463;8.608;0.724;16.24;10.142;1.689;6.24;10.945;1.674;1.403;10.596
0.412;10.233;9.29;0.426;10.861;8.942;-0.427;5.594;8.267;0.186;1.321;6.124;1.185;14.719;9.996;2.489;14.858;9.485;-2.21;12.166;10.275;-2.245;9.886;11.347;-1.349;14.865;9.855;-2.21;12.166;10.275;0.042;14.761;10.043;-1.349;14.865;9.855;0.412;10.233;9.29;1.49;9.883;9.293;2.489;14.858;9.485;2.858;12.176;8.314;0.426;10.861;8.942;0.529;13.188;9.376;-0.665;9.889;9.214;-0.427;5.594;8.267;0.412;10.233;9.29;-0.665;9.889;9.214;0.529;13.188;9.376;0.601;15.32;9.196;1.49;9.883;9.293;1.756;6.158;11.63;2.858;12.176;8.314;2.917;9.719;8.145;0.601;15.32;9.196;0.798;16.104;10.726;1.756;6.158;11.63;1.661;1.353;12.271
0.476;10.136;9.878;0.491;10.766;9.534;-0.408;5.535;8.692;0.155;1.448;6.201;1.265;14.617;10.602;2.569;14.742;10.087;-2.135;12.083;10.962;-2.134;9.849;12.125;-1.269;14.769;10.471;-2.135;12.083;10.962;0.123;14.664;10.655;-1.269;14.769;10.471;0.476;10.136;9.878;1.553;9.784;9.88;2.569;14.742;10.087;2.903;12.073;8.877;0.491;10.766;9.534;0.6;13.09;9.981;-0.602;9.794;9.8;-0.408;5.535;8.692;0.476;10.136;9.878;-0.602;9.794;9.8;0.6;13.09;9.981;0.68;15.222;9.807;1.553;9.784;9.88;1.735;6.068;12.237;2.903;12.073;8.877;2.952;9.626;8.596;0.68;15.222;9.807;0.884;16.007;11.336;1.735;6.068;12.237;1.538;1.349;13.336
0.581;10.06;10.569;0.593;10.693;10.229;-0.36;5.484;9.249;0.129;1.679;6.333;1.378;14.549;11.262;2.682;14.66;10.743;-2.026;12.026;11.641;-2.023;9.806;12.831;-1.156;14.707;11.132;-2.026;12.026;11.641;0.236;14.601;11.319;-1.156;14.707;11.132;0.581;10.06;10.569;1.661;9.718;10.575;2.682;14.66;10.743;2.988;11.99;9.528;0.593;10.693;10.229;0.705;13.02;10.657;-0.493;9.71;10.483;-0.36;5.484;9.249;0.581;10.06;10.569;-0.493;9.71;10.483;0.705;13.02;10.657;0.792;15.15;10.464;1.661;9.718;10.575;1.736;5.94;12.84;2.988;11.99;9.528;3.03;9.552;9.178;0.792;15.15;10.464;0.998;15.952;11.984;1.736;5.94;12.84;1.464;1.195;13.799
0.682;10.054;11.313;0.683;10.687;10.973;-0.304;5.467;9.958;0.099;2.045;6.589;1.49;14.553;11.945;2.792;14.648;11.417;-1.905;12.028;12.293;-1.913;9.782;13.433;-1.043;14.719;11.827;-1.905;12.028;12.293;0.349;14.613;12.009;-1.043;14.719;11.827;0.682;10.054;11.313;1.768;9.731;11.322;2.792;14.648;11.417;3.081;11.955;10.249;0.683;10.687;10.973;0.803;13.02;11.364;-0.386;9.685;11.224;-0.304;5.467;9.958;0.682;10.054;11.313;-0.386;9.685;11.224;0.803;13.02;11.364;0.902;15.148;11.143;1.768;9.731;11.322;1.767;5.875;13.45;3.081;11.955;10.249;3.118;9.514;9.917;0.902;15.148;11.143;1.117;15.972;12.649;1.767;5.875;13.45;1.498;1.064;13.997
0.788;10.109;12.059;0.772;10.741;11.717;-0.217;5.463;10.848;0.065;2.49;7.066;1.6;14.612;12.633;2.901;14.693;12.1;-1.779;12.08;12.907;-1.807;9.783;13.941;-0.933;14.79;12.53;-1.779;12.08;12.907;0.46;14.681;12.703;-0.933;14.79;12.53;0.788;10.109;12.059;1.88;9.808;12.054;2.901;14.693;12.1;3.185;11.967;11.01;0.772;10.741;11.717;0.899;13.079;12.07;-0.273;9.717;11.986;-0.217;5.463;10.848;0.788;10.109;12.059;-0.273;9.717;11.986;0.899;13.079;12.07;1.012;15.203;11.829;1.88;9.808;12.054;1.815;5.846;13.978;3.185;11.967;11.01;3.215;9.517;10.753;1.012;15.203;11.829;1.236;16.044;13.325;1.815;5.846;13.978;1.522;1.007;14.081
0.892;10.184;12.779;0.858;10.811;12.429;-0.098;5.444;11.941;0.022;2.866;7.872;1.698;14.686;13.303;3.005;14.751;12.783;-1.656;12.143;13.48;-1.704;9.794;14.388;-0.835;14.873;13.203;-1.656;12.143;13.48;0.559;14.762;13.372;-0.835;14.873;13.203;0.892;10.184;12.779;1.989;9.899;12.749;3.005;14.751;12.783;3.298;11.984;11.805;0.858;10.811;12.429;0.988;13.154;12.749;-0.164;9.776;12.739;-0.098;5.444;11.941;0.892;10.184;12.779;-0.164;9.776;12.739;0.988;13.154;12.749;1.114;15.276;12.495;1.989;9.899;12.749;1.869;5.82;14.407;3.298;11.984;11.805;3.318;9.524;11.671;1.114;15.276;12.495;1.341;16.129;13.983;1.869;5.82;14.407;1.512;0.993;14.112
1.0;10.304;13.44;0.957;10.926;13.083;0.006;5.501;13.098;0.016;3.084;8.929;1.783;14.804;13.949;3.103;14.867;13.464;-1.533;12.235;13.991;-1.595;9.842;14.774;-0.75;14.985;13.821;-1.533;12.235;13.991;0.642;14.881;14.001;-0.75;14.985;13.821;1.0;10.304;13.44;2.096;10.021;13.393;3.103;14.867;13.464;3.457;12.051;12.66;0.957;10.926;13.083;1.08;13.272;13.388;-0.056;9.893;13.425;0.006;5.501;13.098;1.0;10.304;13.44;-0.056;9.893;13.425;1.08;13.272;13.388;1.211;15.393;13.132;2.096;10.021;13.393;1.935;5.825;14.722;3.457;12.051;12.66;3.488;9.588;12.729;1.211;15.393;13.132;1.423;16.248;14.621;1.935;5.825;14.722;1.513;1.035;14.094
1.087;10.458;14.059;1.047;11.075;13.694;0.103;5.667;14.377;0.084;2.983;10.375;1.851;14.958;14.562;3.184;15.024;14.116;-1.432;12.365;14.454;-1.51;9.937;15.124;-0.681;15.128;14.389;-1.432;12.365;14.454;0.709;15.031;14.59;-0.681;15.128;14.389;1.087;10.458;14.059;2.178;10.16;14.002;3.184;15.024;14.116;3.608;12.169;13.51;1.047;11.075;13.694;1.164;13.422;13.987;0.025;10.06;14.065;0.103;5.667;14.377;1.087;10.458;14.059;0.025;10.06;14.065;1.164;13.422;13.987;1.294;15.544;13.732;2.178;10.16;14.002;2.001;5.863;14.951;3.608;12.169;13.51;3.644;9.725;13.819;1.294;15.544;13.732;1.484;16.393;15.228;2.001;5.863;14.951;1.524;1.122;14.053
1.17;10.597;14.647;1.133;11.212;14.277;0.225;5.909;15.591;0.213;2.693;12.002;1.91;15.099;15.158;3.253;15.18;14.746;-1.355;12.493;14.887;-1.456;10.037;15.439;-0.619;15.26;14.94;-1.355;12.493;14.887;0.767;15.165;15.165;-0.619;15.26;14.94;1.17;10.597;14.647;2.256;10.283;14.574;3.253;15.18;14.746;3.756;12.3;14.353;1.133;11.212;14.277;1.243;13.56;14.569;0.103;10.216;14.674;0.225;5.909;15.591;1.17;10.597;14.647;0.103;10.216;14.674;1.243;13.56;14.569;1.365;15.683;14.319;2.256;10.283;14.574;2.06;5.922;15.16;3.756;12.3;14.353;3.792;9.906;14.933;1.365;15.683;14.319;1.531;16.523;15.822;2.06;5.922;15.16;1.516;1.231;14.061
1.245;10.675;15.203;1.209;11.291;14.835;0.332;6.136;16.658;0.367;2.265;13.788;1.969;15.178;15.745;3.318;15.283;15.359;-1.297;12.575;15.318;-1.438;10.097;15.752;-0.557;15.336;15.491;-1.297;12.575;15.318;0.826;15.237;15.738;-0.557;15.336;15.491;1.245;10.675;15.203;2.326;10.347;15.109;3.318;15.283;15.359;3.898;12.396;15.18;1.209;11.291;14.835;1.321;13.637;15.143;0.174;10.306;15.248;0.332;6.136;16.658;1.245;10.675;15.203;0.174;10.306;15.248;1.321;13.637;15.143;1.431;15.761;14.901;2.326;10.347;15.109;2.114;5.953;15.334;3.898;12.396;15.18;3.924;10.089;16.042;1.431;15.761;14.901;1.577;16.595;16.41;2.114;5.953;15.334;1.505;1.318;14.047
1.317;10.671;15.747;1.279;11.291;15.386;0.406;6.267;17.554;0.525;1.838;15.659;2.028;15.175;16.333;3.379;15.308;15.96;-1.255;12.587;15.765;-1.446;10.094;16.065;-0.495;15.332;16.067;-1.255;12.587;15.765;0.885;15.226;16.322;-0.495;15.332;16.067;1.317;10.671;15.747;2.394;10.338;15.63;3.379;15.308;15.96;4.029;12.431;15.986;1.279;11.291;15.386;1.394;13.633;15.719;0.245;10.308;15.807;0.406;6.267;17.554;1.317;10.671;15.747;0.245;10.308;15.807;1.394;13.633;15.719;1.49;15.759;15.491;2.394;10.338;15.63;2.164;5.94;15.538;4.029;12.431;15.986;4.032;10.246;17.124;1.49;15.759;15.491;1.623;16.586;17.005;2.164;5.94;15.538;1.502;1.373;14.05
1.39;10.581;16.31;1.345;11.206;15.958;0.465;6.277;18.348;0.705;1.525;17.586;2.086;15.091;16.927;3.434;15.252;16.557;-1.223;12.515;16.278;-1.465;10.016;16.473;-0.439;15.242;16.666;-1.223;12.515;16.278;0.942;15.132;16.918;-0.439;15.242;16.666;1.39;10.581;16.31;2.466;10.253;16.176;3.434;15.252;16.557;4.155;12.401;16.782;1.345;11.206;15.958;1.462;13.545;16.312;0.32;10.215;16.38;0.465;6.277;18.348;1.39;10.581;16.31;0.32;10.215;16.38;1.462;13.545;16.312;1.541;15.672;16.087;2.466;10.253;16.176;2.201;5.872;15.805;4.155;12.401;16.782;4.131;10.373;18.18;1.541;15.672;16.087;1.667;16.5;17.601;2.201;5.872;15.805;1.482;1.403;14.065
1.451;10.427;16.9;1.401;11.055;16.554;0.523;6.184;19.072;0.92;1.394;19.422;2.136;14.941;17.536;3.48;15.128;17.161;-1.197;12.38;16.818;-1.497;9.88;16.893;-0.391;15.087;17.293;-1.197;12.38;16.818;0.992;14.976;17.533;-0.391;15.087;17.293;1.451;10.427;16.9;2.531;10.11;16.763;3.48;15.128;17.161;4.26;12.31;17.554;1.401;11.055;16.554;1.518;13.391;16.923;0.385;10.05;16.966;0.523;6.184;19.072;1.451;10.427;16.9;0.385;10.05;16.966;1.518;13.391;16.923;1.583;15.52;16.699;2.531;10.11;16.763;2.227;5.758;16.158;4.26;12.31;17.554;4.209;10.447;19.164;1.583;15.52;16.699;1.709;16.351;18.211;2.227;5.758;16.158;1.475;1.431;14.103
1.5;10.251;17.525;1.444;10.88;17.182;0.636;6.063;19.806;1.184;1.439;21.048;2.175;14.769;18.167;3.515;14.972;17.786;-1.167;12.217;17.385;-1.516;9.723;17.334;-0.354;14.906;17.946;-1.167;12.217;17.385;1.031;14.797;18.173;-0.354;14.906;17.946;1.5;10.251;17.525;2.582;9.945;17.383;3.515;14.972;17.786;4.342;12.19;18.308;1.444;10.88;17.182;1.561;13.216;17.559;0.437;9.864;17.589;0.636;6.063;19.806;1.5;10.251;17.525;0.437;9.864;17.589;1.561;13.216;17.559;1.613;15.344;17.334;2.582;9.945;17.383;2.252;5.628;16.573;4.342;12.19;18.308;4.272;10.469;20.069;1.613;15.344;17.334;1.743;16.181;18.843;2.252;5.628;16.573;1.482;1.504;14.14
1.54;10.125;18.194;1.483;10.756;17.855;0.756;5.945;20.48;1.404;1.411;21.979;2.21;14.648;18.836;3.546;14.858;18.447;-1.127;12.095;18.003;-1.509;9.61;17.844;-0.322;14.77;18.634;-1.127;12.095;18.003;1.066;14.671;18.85;-0.322;14.77;18.634;1.54;10.125;18.194;2.62;9.817;18.045;3.546;14.858;18.447;4.394;12.092;19.022;1.483;10.756;17.855;1.598;13.092;18.233;0.476;9.74;18.263;0.756;5.945;20.48;1.54;10.125;18.194;0.476;9.74;18.263;1.598;13.092;18.233;1.64;15.22;18.007;2.62;9.817;18.045;2.283;5.533;17.077;4.394;12.092;19.022;4.321;10.441;20.849;1.64;15.22;18.007;1.773;16.06;19.514;2.283;5.533;17.077;1.519;1.692;14.219
1.58;10.056;18.946;1.525;10.687;18.607;0.895;5.829;21.129;1.609;1.224;22.357;2.232;14.592;19.543;3.568;14.8;19.149;-1.083;12.029;18.659;-1.475;9.551;18.429;-0.3;14.698;19.342;-1.083;12.029;18.659;1.088;14.609;19.558;-0.3;14.698;19.342;1.58;10.056;18.946;2.655;9.736;18.784;3.568;14.8;19.149;4.416;12.032;19.713;1.525;10.687;18.607;1.628;13.027;18.955;0.513;9.683;19.029;0.895;5.829;21.129;1.58;10.056;18.946;0.513;9.683;19.029;1.628;13.027;18.955;1.658;15.154;18.709;2.655;9.736;18.784;2.328;5.465;17.756;4.416;12.032;19.713;4.359;10.365;21.526;1.658;15.154;18.709;1.784;16.007;20.209;2.328;5.465;17.756;1.594;1.994;14.451
1.616;10.057;19.74;1.569;10.686;19.395;0.96;5.776;21.787;1.625;1.069;22.577;2.252;14.608;20.273;3.588;14.808;19.875;-1.035;12.024;19.37;-1.412;9.546;19.119;-0.281;14.696;20.073;-1.035;12.024;19.37;1.108;14.619;20.289;-0.281;14.696;20.073;1.616;10.057;19.74;2.683;9.716;19.568;3.588;14.808;19.875;4.411;12.017;20.358;1.569;10.686;19.395;1.656;13.033;19.704;0.544;9.705;19.839;0.96;5.776;21.787;1.616;10.057;19.74;0.544;9.705;19.839;1.656;13.033;19.704;1.673;15.157;19.434;2.683;9.716;19.568;2.368;5.441;18.556;4.411;12.017;20.358;4.383;10.253;22.078;1.673;15.157;19.434;1.792;16.024;20.926;2.368;5.441;18.556;1.661;2.45;14.805
1.651;10.124;20.526;1.615;10.747;20.169;0.991;5.764;22.368;1.599;0.994;22.679;2.279;14.68;20.991;3.616;14.862;20.589;-0.992;12.074;20.118;-1.348;9.591;19.895;-0.256;14.756;20.804;-0.992;12.074;20.118;1.135;14.689;21.011;-0.256;14.756;20.804;1.651;10.124;20.526;2.715;9.766;20.371;3.616;14.862;20.589;4.389;12.038;20.945;1.615;10.747;20.169;1.685;13.099;20.437;0.574;9.786;20.622;0.991;5.764;22.368;1.651;10.124;20.526;0.574;9.786;20.622;1.685;13.099;20.437;1.696;15.221;20.149;2.715;9.766;20.371;2.47;5.439;19.589;4.389;12.038;20.945;4.392;10.129;22.503;1.696;15.221;20.149;1.815;16.094;21.638;2.47;5.439;19.589;1.867;2.881;15.514
1.675;10.231;21.282;1.648;10.844;20.907;1.004;5.759;22.818;1.607;0.98;22.696;2.307;14.784;21.675;3.645;14.94;21.267;-0.951;12.148;20.9;-1.272;9.653;20.764;-0.231;14.85;21.519;-0.951;12.148;20.9;1.163;14.794;21.706;-0.231;14.85;21.519;1.675;10.231;21.282;2.743;9.87;21.163;3.645;14.94;21.267;4.349;12.084;21.48;1.648;10.844;20.907;1.706;13.201;21.136;0.596;9.896;21.36;1.004;5.759;22.818;1.675;10.231;21.282;0.596;9.896;21.36;1.706;13.201;21.136;1.717;15.32;20.836;2.743;9.87;21.163;2.6;5.476;20.893;4.349;12.084;21.48;4.376;10.026;22.834;1.717;15.32;20.836;1.847;16.196;22.323;2.6;5.476;20.893;2.138;3.098;16.692
1.698;10.364;21.964;1.673;10.972;21.581;1.008;5.778;23.136;1.608;1.019;22.671;2.349;14.907;22.342;3.682;15.047;21.91;-0.898;12.247;21.708;-1.164;9.742;21.683;-0.193;14.969;22.252;-0.898;12.247;21.708;1.206;14.919;22.4;-0.193;14.969;22.252;1.698;10.364;21.964;2.769;10.007;21.868;3.682;15.047;21.91;4.311;12.165;21.931;1.673;10.972;21.581;1.732;13.329;21.806;0.619;10.024;22.03;1.008;5.778;23.136;1.698;10.364;21.964;0.619;10.024;22.03;1.732;13.329;21.806;1.741;15.45;21.52;2.769;10.007;21.868;2.675;5.609;22.085;4.311;12.165;21.931;4.36;9.964;23.035;1.741;15.45;21.52;1.904;16.307;23.014;2.675;5.609;22.085;2.24;3.264;17.863
1.735;10.525;22.632;1.708;11.127;22.241;1.012;5.84;23.414;1.607;1.118;22.658;2.399;15.06;22.982;3.727;15.191;22.533;-0.859;12.395;22.519;-1.078;9.89;22.666;-0.144;15.136;22.943;-0.859;12.395;22.519;1.257;15.079;23.06;-0.144;15.136;22.943;1.735;10.525;22.632;2.813;10.185;22.561;3.727;15.191;22.533;4.288;12.301;22.352;1.708;11.127;22.241;1.765;13.485;22.459;0.66;10.169;22.682;1.012;5.84;23.414;1.735;10.525;22.632;0.66;10.169;22.682;1.765;13.485;22.459;1.779;15.607;22.171;2.813;10.185;22.561;2.842;5.856;23.376;4.288;12.301;22.352;4.347;9.986;23.193;1.779;15.607;22.171;1.961;16.462;23.664;2.842;5.856;23.376;2.468;3.065;19.428
1.766;10.639;23.265;1.737;11.24;22.872;1.017;5.889;23.664;1.6;1.216;22.638;2.444;15.169;23.609;3.764;15.294;23.137;-0.83;12.514;23.332;-0.991;10.025;23.684;-0.099;15.268;23.617;-0.83;12.514;23.332;1.304;15.196;23.706;-0.099;15.268;23.617;1.766;10.639;23.265;2.85;10.314;23.212;3.764;15.294;23.137;4.266;12.413;22.756;1.737;11.24;22.872;1.789;13.597;23.1;0.696;10.266;23.297;1.017;5.889;23.664;1.766;10.639;23.265;0.696;10.266;23.297;1.789;13.597;23.1;1.814;15.718;22.807;2.85;10.314;23.212;2.989;6.11;24.519;4.266;12.413;22.756;4.333;10.022;23.344;1.814;15.718;22.807;2.02;16.578;24.294;2.989;6.11;24.519;2.667;2.666;21.122
1.8;10.656;23.892;1.779;11.259;23.501;1.026;5.885;23.948;1.596;1.285;22.629;2.497;15.18;24.257;3.817;15.3;23.781;-0.786;12.548;24.123;-0.881;10.101;24.714;-0.044;15.311;24.262;-0.786;12.548;24.123;1.357;15.217;24.352;-0.044;15.311;24.262;1.8;10.656;23.892;2.887;10.336;23.863;3.817;15.3;23.781;4.253;12.445;23.182;1.779;11.259;23.501;1.829;13.614;23.748;0.732;10.279;23.897;1.026;5.885;23.948;1.8;10.656;23.892;0.732;10.279;23.897;1.829;13.614;23.748;1.874;15.734;23.453;2.887;10.336;23.863;3.074;6.281;25.575;4.253;12.445;23.182;4.302;10.003;23.505;1.874;15.734;23.453;2.079;16.603;24.935;3.074;6.281;25.575;2.832;2.173;23.01
1.841;10.589;24.546;1.826;11.192;24.156;1.053;5.822;24.368;1.59;1.333;22.7;2.558;15.109;24.919;3.875;15.232;24.436;-0.741;12.512;24.945;-0.772;10.146;25.808;0.019;15.274;24.911;-0.741;12.512;24.945;1.418;15.156;25.009;0.019;15.274;24.911;1.841;10.589;24.546;2.927;10.266;24.533;3.875;15.232;24.436;4.28;12.42;23.645;1.826;11.192;24.156;1.878;13.546;24.415;0.771;10.215;24.534;1.053;5.822;24.368;1.841;10.589;24.546;0.771;10.215;24.534;1.878;13.546;24.415;1.943;15.664;24.11;2.927;10.266;24.533;3.183;6.357;26.547;4.28;12.42;23.645;4.336;9.958;23.732;1.943;15.664;24.11;2.144;16.539;25.589;3.183;6.357;26.547;3.006;1.77;24.985
1.896;10.454;25.188;1.887;11.057;24.798;1.102;5.703;24.791;1.605;1.376;22.731;2.623;14.97;25.574;3.938;15.099;25.088;-0.688;12.409;25.736;-0.664;10.141;26.831;0.086;15.161;25.552;-0.688;12.409;25.736;1.483;15.024;25.66;0.086;15.161;25.552;1.896;10.454;25.188;2.98;10.126;25.184;3.938;15.099;25.088;4.326;12.332;24.141;1.887;11.057;24.798;1.937;13.409;25.075;0.825;10.083;25.166;1.102;5.703;24.791;1.896;10.454;25.188;0.825;10.083;25.166;1.937;13.409;25.075;2.013;15.525;24.76;2.98;10.126;25.184;3.32;6.373;27.464;4.326;12.332;24.141;4.397;9.873;24.02;2.013;15.525;24.76;2.206;16.418;26.23;3.32;6.373;27.464;3.215;1.549;26.981
1.964;10.317;25.836;1.956;10.92;25.446;1.163;5.584;25.277;1.597;1.475;22.796;2.694;14.83;26.238;4.007;14.959;25.747;-0.626;12.3;26.51;-0.566;10.126;27.781;0.159;15.038;26.208;-0.626;12.3;26.51;1.554;14.888;26.323;0.159;15.038;26.208;1.964;10.317;25.836;3.048;9.989;25.834;4.007;14.959;25.747;4.377;12.233;24.684;1.956;10.92;25.446;2.003;13.269;25.742;0.893;9.947;25.814;1.163;5.584;25.277;1.964;10.317;25.836;0.893;9.947;25.814;2.003;13.269;25.742;2.087;15.384;25.422;3.048;9.989;25.834;3.385;6.351;28.295;4.377;12.233;24.684;4.46;9.788;24.391;2.087;15.384;25.422;2.277;16.29;26.885;3.385;6.351;28.295;3.302;1.513;28.607
2.052;10.225;26.534;2.042;10.827;26.143;1.23;5.499;25.927;1.551;1.622;23.083;2.778;14.741;26.929;4.088;14.884;26.434;-0.534;12.216;27.265;-0.455;10.112;28.648;0.244;14.946;26.886;-0.534;12.216;27.265;1.638;14.797;27.013;0.244;14.946;26.886;2.052;10.225;26.534;3.137;9.896;26.526;4.088;14.884;26.434;4.485;12.184;25.315;2.042;10.827;26.143;2.091;13.176;26.442;0.981;9.856;26.521;1.23;5.499;25.927;2.052;10.225;26.534;0.981;9.856;26.521;2.091;13.176;26.442;2.169;15.29;26.11;3.137;9.896;26.526;3.355;6.272;29.02;4.485;12.184;25.315;4.609;9.756;24.92;2.169;15.29;26.11;2.355;16.204;27.568;3.355;6.272;29.02;3.159;1.465;29.628
2.158;10.147;27.276;2.145;10.753;26.89;1.303;5.428;26.545;1.529;1.898;23.273;2.889;14.675;27.634;4.197;14.818;27.132;-0.418;12.158;27.962;-0.355;10.07;29.37;0.357;14.888;27.578;-0.418;12.158;27.962;1.75;14.734;27.719;0.357;14.888;27.578;2.158;10.147;27.276;3.245;9.826;27.269;4.197;14.818;27.132;4.59;12.121;26.005;2.145;10.753;26.89;2.2;13.104;27.173;1.089;9.77;27.254;1.303;5.428;26.545;2.158;10.147;27.276;1.089;9.77;27.254;2.2;13.104;27.173;2.281;15.212;26.808;3.245;9.826;27.269;3.341;6.081;29.584;4.59;12.121;26.005;4.724;9.7;25.569;2.281;15.212;26.808;2.465;16.15;28.25;3.341;6.081;29.584;3.095;1.246;29.855
2.266;10.119;28.066;2.248;10.725;27.68;1.371;5.405;27.216;1.518;2.375;23.472;2.999;14.659;28.36;4.299;14.8;27.841;-0.295;12.132;28.697;-0.249;10.031;30.085;0.466;14.867;28.314;-0.295;12.132;28.697;1.859;14.719;28.453;0.466;14.867;28.314;2.266;10.119;28.066;3.357;9.812;28.066;4.299;14.8;27.841;4.703;12.082;26.77;2.248;10.725;27.68;2.306;13.079;27.932;1.202;9.729;28.036;1.371;5.405;27.216;2.266;10.119;28.066;1.202;9.729;28.036;2.306;13.079;27.932;2.383;15.18;27.529;3.357;9.812;28.066;3.369;6.017;30.302;4.703;12.082;26.77;4.851;9.653;26.384;2.383;15.18;27.529;2.575;16.141;28.955;3.369;6.017;30.302;3.137;1.174;30.378
2.365;10.197;28.873;2.341;10.796;28.476;1.41;5.436;28.323;1.459;2.724;24.34;3.106;14.742;29.066;4.4;14.87;28.526;-0.154;12.187;29.364;-0.134;10.019;30.646;0.573;14.939;29.038;-0.154;12.187;29.364;1.968;14.803;29.17;0.573;14.939;29.038;2.365;10.197;28.873;3.456;9.891;28.864;4.4;14.87;28.526;4.819;12.106;27.587;2.341;10.796;28.476;2.41;13.155;28.673;1.301;9.806;28.864;1.41;5.436;28.323;2.365;10.197;28.873;1.301;9.806;28.864;2.41;13.155;28.673;2.482;15.249;28.232;3.456;9.891;28.864;3.393;5.97;30.869;4.819;12.106;27.587;4.975;9.659;27.347;2.482;15.249;28.232;2.686;16.221;29.649;3.393;5.97;30.869;3.129;1.141;30.505
2.465;10.282;29.586;2.435;10.875;29.182;1.503;5.491;29.393;1.492;3.087;25.217;3.192;14.83;29.726;4.485;14.946;29.181;-0.022;12.238;29.97;-0.014;10.006;31.137;0.657;15.008;29.702;-0.022;12.238;29.97;2.054;14.889;29.831;0.657;15.008;29.702;2.465;10.282;29.586;3.556;9.977;29.564;4.485;14.946;29.181;4.944;12.13;28.43;2.435;10.875;29.182;2.5;13.237;29.351;1.402;9.89;29.6;1.503;5.491;29.393;2.465;10.282;29.586;1.402;9.89;29.6;2.5;13.237;29.351;2.565;15.326;28.888;3.556;9.977;29.564;3.442;5.924;31.286;4.944;12.13;28.43;5.11;9.673;28.409;2.565;15.326;28.888;2.77;16.297;30.306;3.442;5.924;31.286;3.135;1.138;30.57
2.549;10.423;30.252;2.514;11.009;29.837;1.596;5.647;30.642;1.539;3.08;26.563;3.257;14.971;30.359;4.558;15.076;29.831;0.097;12.34;30.498;0.099;10.044;31.533;0.72;15.13;30.315;0.097;12.34;30.498;2.117;15.025;30.454;0.72;15.13;30.315;2.549;10.423;30.252;3.639;10.113;30.217;4.558;15.076;29.831;5.068;12.217;29.315;2.514;11.009;29.837;2.575;13.372;29.987;1.485;10.036;30.291;1.596;5.647;30.642;2.549;10.423;30.252;1.485;10.036;30.291;2.575;13.372;29.987;2.635;15.459;29.513;3.639;10.113;30.217;3.486;5.938;31.611;5.068;12.217;29.315;5.236;9.771;29.559;2.635;15.459;29.513;2.83;16.423;30.937;3.486;5.938;31.611;3.118;1.211;30.591
2.633;10.564;30.865;2.595;11.151;30.452;1.725;5.851;31.709;1.703;2.951;27.86;3.311;15.117;30.992;4.626;15.222;30.502;0.201;12.458;30.965;0.199;10.109;31.877;0.775;15.263;30.892;0.201;12.458;30.965;2.169;15.164;31.062;0.775;15.263;30.892;2.633;10.564;30.865;3.72;10.249;30.815;4.626;15.222;30.502;5.196;12.341;30.229;2.595;11.151;30.452;2.647;13.514;30.607;1.567;10.182;30.918;1.725;5.851;31.709;2.633;10.564;30.865;1.567;10.182;30.918;2.647;13.514;30.607;2.705;15.6;30.132;3.72;10.249;30.815;3.541;5.959;31.797;5.196;12.341;30.229;5.35;9.938;30.749;2.705;15.6;30.132;2.872;16.552;31.567;3.541;5.959;31.797;3.103;1.301;30.523
2.714;10.668;31.45;2.668;11.253;31.035;1.876;6.092;32.847;1.825;2.572;29.557;3.369;15.224;31.575;4.694;15.332;31.113;0.281;12.558;31.39;0.255;10.169;32.188;0.837;15.368;31.424;0.281;12.558;31.39;2.226;15.265;31.626;0.837;15.368;31.424;2.714;10.668;31.45;3.799;10.348;31.376;4.694;15.332;31.113;5.314;12.448;31.108;2.668;11.253;31.035;2.72;13.616;31.186;1.649;10.29;31.53;1.876;6.092;32.847;2.714;10.668;31.45;1.649;10.29;31.53;2.72;13.616;31.186;2.774;15.701;30.703;3.799;10.348;31.376;3.601;5.99;31.98;5.314;12.448;31.108;5.435;10.127;31.927;2.774;15.701;30.703;2.915;16.644;32.146;3.601;5.99;31.98;3.087;1.395;30.519
2.786;10.697;32.03;2.733;11.284;31.618;1.989;6.288;33.876;1.956;2.109;31.475;3.425;15.259;32.174;4.76;15.375;31.742;0.345;12.597;31.819;0.282;10.176;32.511;0.899;15.403;31.963;0.345;12.597;31.819;2.282;15.295;32.205;0.899;15.403;31.963;2.786;10.697;32.03;3.867;10.372;31.928;4.76;15.375;31.742;5.425;12.513;31.999;2.733;11.284;31.618;2.792;13.646;31.778;1.721;10.325;32.135;1.989;6.288;33.876;2.786;10.697;32.03;1.721;10.325;32.135;2.792;13.646;31.778;2.843;15.73;31.29;3.867;10.372;31.928;3.663;5.978;32.166;5.425;12.513;31.999;5.492;10.311;33.101;2.843;15.73;31.29;2.951;16.669;32.739;3.663;5.978;32.166;3.092;1.445;30.543
2.852;10.655;32.621;2.793;11.245;32.215;2.05;6.4;34.803;2.092;1.763;33.492;3.482;15.225;32.782;4.823;15.35;32.371;0.398;12.567;32.316;0.297;10.129;32.938;0.961;15.368;32.529;0.398;12.567;32.316;2.338;15.255;32.8;0.961;15.368;32.529;2.852;10.655;32.621;3.93;10.327;32.494;4.823;15.35;32.371;5.527;12.53;32.877;2.793;11.245;32.215;2.861;13.607;32.388;1.788;10.286;32.745;2.05;6.4;34.803;2.852;10.655;32.621;1.788;10.286;32.745;2.861;13.607;32.388;2.908;15.688;31.89;3.93;10.327;32.494;3.716;5.929;32.387;5.527;12.53;32.877;5.53;10.479;34.241;2.908;15.688;31.89;2.989;16.63;33.339;3.716;5.929;32.387;3.095;1.479;30.563
2.921;10.542;33.233;2.857;11.138;32.836;2.1;6.368;35.574;2.271;1.56;35.299;3.543;15.118;33.428;4.886;15.257;33.029;0.456;12.478;32.812;0.306;10.009;33.291;1.028;15.264;33.143;0.456;12.478;32.812;2.399;15.143;33.436;1.028;15.264;33.143;2.921;10.542;33.233;3.996;10.215;33.087;4.886;15.257;33.029;5.638;12.498;33.754;2.857;11.138;32.836;2.933;13.497;33.031;1.858;10.171;33.366;2.1;6.368;35.574;2.921;10.542;33.233;1.858;10.171;33.366;2.933;13.497;33.031;2.975;15.578;32.53;3.996;10.215;33.087;3.756;5.838;32.656;5.638;12.498;33.754;5.579;10.615;35.341;2.975;15.578;32.53;3.032;16.526;33.977;3.756;5.838;32.656;3.084;1.507;30.581
2.973;10.398;33.807;2.908;11.0;33.42;2.182;6.24;36.174;2.615;1.478;36.768;3.587;14.973;34.076;4.927;15.123;33.671;0.504;12.357;33.316;0.316;9.861;33.597;1.072;15.124;33.792;0.504;12.357;33.316;2.443;14.994;34.085;1.072;15.124;33.792;2.973;10.398;33.807;4.05;10.079;33.662;4.927;15.123;33.671;5.712;12.418;34.549;2.908;11.0;33.42;2.982;13.355;33.66;1.911;10.02;33.928;2.182;6.24;36.174;2.973;10.398;33.807;1.911;10.02;33.928;2.982;13.355;33.66;3.017;15.442;33.184;4.05;10.079;33.662;3.786;5.736;32.974;5.712;12.418;34.549;5.601;10.684;36.295;3.017;15.442;33.184;3.063;16.377;34.639;3.786;5.736;32.974;3.097;1.559;30.609
3.025;10.266;34.443;2.96;10.87;34.06;2.293;6.134;36.844;2.87;1.473;37.923;3.632;14.849;34.703;4.966;14.99;34.277;0.555;12.233;33.903;0.339;9.728;34.041;1.113;14.99;34.446;0.555;12.233;33.903;2.487;14.865;34.723;1.113;14.99;34.446;3.025;10.266;34.443;4.101;9.945;34.291;4.966;14.99;34.277;5.767;12.339;35.292;2.96;10.87;34.06;3.03;13.225;34.304;1.963;9.89;34.567;2.293;6.134;36.844;3.025;10.266;34.443;1.963;9.89;34.567;3.03;13.225;34.304;3.05;15.309;33.813;4.101;9.945;34.291;3.816;5.64;33.402;5.767;12.339;35.292;5.625;10.744;37.164;3.05;15.309;33.813;3.097;16.258;35.259;3.816;5.64;33.402;3.106;1.686;30.687
3.041;10.187;35.109;2.974;10.792;34.728;2.395;6.013;37.429;3.037;1.325;38.345;3.647;14.775;35.351;4.974;14.916;34.902;0.593;12.148;34.55;0.375;9.639;34.58;1.123;14.902;35.132;0.593;12.148;34.55;2.503;14.787;35.387;1.123;14.902;35.132;3.041;10.187;35.109;4.113;9.861;34.943;4.974;14.916;34.902;5.796;12.288;35.96;2.974;10.792;34.728;3.045;13.148;34.965;1.979;9.816;35.247;2.395;6.013;37.429;3.041;10.187;35.109;1.979;9.816;35.247;3.045;13.148;34.965;3.051;15.23;34.468;4.113;9.861;34.943;3.84;5.583;33.928;5.796;12.288;35.96;5.655;10.752;37.881;3.051;15.23;34.468;3.104;16.18;35.914;3.84;5.583;33.928;3.13;1.921;30.83
3.056;10.142;35.872;2.99;10.745;35.487;2.495;5.919;38.082;3.122;1.164;38.55;3.658;14.741;36.024;4.978;14.881;35.555;0.634;12.089;35.262;0.418;9.579;35.251;1.132;14.853;35.825;0.634;12.089;35.262;2.514;14.749;36.07;1.132;14.853;35.825;3.056;10.142;35.872;4.122;9.803;35.693;4.978;14.881;35.555;5.808;12.247;36.591;2.99;10.745;35.487;3.06;13.105;35.674;1.993;9.783;36.028;2.495;5.919;38.082;3.056;10.142;35.872;1.993;9.783;36.028;3.06;13.105;35.674;3.053;15.178;35.138;4.122;9.803;35.693;3.865;5.533;34.644;5.808;12.247;36.591;5.686;10.691;38.497;3.053;15.178;35.138;3.099;16.15;36.569;3.865;5.533;34.644;3.161;2.282;31.116
3.085;10.181;36.651;3.022;10.776;36.253;2.536;5.882;38.693;3.083;1.095;38.679;3.672;14.783;36.718;4.985;14.922;36.229;0.677;12.103;36.004;0.471;9.593;35.969;1.144;14.876;36.546;0.677;12.103;36.004;2.529;14.785;36.776;1.144;14.876;36.546;3.085;10.181;36.651;4.15;9.833;36.48;4.985;14.922;36.229;5.803;12.247;37.164;3.022;10.776;36.253;3.08;13.14;36.39;2.019;9.832;36.813;2.536;5.882;38.693;3.085;10.181;36.651;2.019;9.832;36.813;3.08;13.14;36.39;3.056;15.208;35.835;4.15;9.833;36.48;3.995;5.515;35.626;5.803;12.247;37.164;5.722;10.586;38.982;3.056;15.208;35.835;3.107;16.179;37.266;3.995;5.515;35.626;3.391;2.655;31.757
3.101;10.271;37.407;3.046;10.852;36.988;2.565;5.908;39.277;3.055;1.131;38.866;3.693;14.865;37.381;4.999;14.994;36.872;0.692;12.169;36.754;0.471;9.66;36.723;1.16;14.951;37.247;0.692;12.169;36.754;2.55;14.866;37.452;1.16;14.951;37.247;3.101;10.271;37.407;4.166;9.911;37.259;4.999;14.994;36.872;5.778;12.264;37.671;3.046;10.852;36.988;3.099;13.219;37.071;2.032;9.933;37.57;2.565;5.908;39.277;3.101;10.271;37.407;2.032;9.933;37.57;3.099;13.219;37.071;3.064;15.282;36.502;4.166;9.911;37.259;4.06;5.531;36.805;5.778;12.264;37.671;5.747;10.454;39.342;3.064;15.282;36.502;3.127;16.249;37.936;4.06;5.531;36.805;3.546;2.996;32.704
3.126;10.384;38.083;3.073;10.958;37.654;2.586;5.903;39.637;3.051;1.172;38.852;3.731;14.97;38.018;5.029;15.085;37.485;0.75;12.244;37.588;0.573;9.733;37.689;1.194;15.051;37.948;0.75;12.244;37.588;2.59;14.974;38.113;1.194;15.051;37.948;3.126;10.384;38.083;4.191;10.022;37.946;5.029;15.085;37.485;5.747;12.294;38.118;3.073;10.958;37.654;3.126;13.325;37.722;2.056;10.049;38.246;2.586;5.903;39.637;3.126;10.384;38.083;2.056;10.049;38.246;3.126;13.325;37.722;3.086;15.388;37.152;4.191;10.022;37.946;4.092;5.618;37.925;5.747;12.294;38.118;5.766;10.317;39.586;3.086;15.388;37.152;3.169;16.34;38.594;4.092;5.618;37.925;3.565;3.277;33.712
3.15;10.532;38.714;3.092;11.098;38.275;2.588;5.933;39.908;3.059;1.255;38.851;3.762;15.108;38.606;5.05;15.208;38.046;0.78;12.38;38.39;0.632;9.877;38.628;1.224;15.201;38.613;0.78;12.38;38.39;2.624;15.119;38.731;1.224;15.201;38.613;3.15;10.532;38.714;4.221;10.182;38.59;5.05;15.208;38.046;5.707;12.369;38.502;3.092;11.098;38.275;3.141;13.465;38.334;2.084;10.185;38.876;2.588;5.933;39.908;3.15;10.532;38.714;2.084;10.185;38.876;3.141;13.465;38.334;3.097;15.526;37.755;4.221;10.182;38.59;4.215;5.815;39.167;5.707;12.369;38.502;5.781;10.234;39.73;3.097;15.526;37.755;3.214;16.479;39.194;4.215;5.815;39.167;3.756;3.254;35.075
3.173;10.672;39.268;3.113;11.237;38.827;2.563;5.98;40.073;3.062;1.349;38.838;3.801;15.237;39.189;5.081;15.337;38.611;0.804;12.538;39.087;0.665;10.043;39.399;1.264;15.361;39.248;0.804;12.538;39.087;2.665;15.257;39.332;1.264;15.361;39.248;3.173;10.672;39.268;4.249;10.336;39.158;5.081;15.337;38.611;5.677;12.457;38.844;3.113;11.237;38.827;3.16;13.604;38.909;2.109;10.312;39.417;2.563;5.98;40.073;3.173;10.672;39.268;2.109;10.312;39.417;3.16;13.604;38.909;3.126;15.671;38.353;4.249;10.336;39.158;4.299;6.066;40.238;5.677;12.457;38.844;5.79;10.183;39.783;3.126;15.671;38.353;3.271;16.605;39.803;4.299;6.066;40.238;3.92;3.024;36.48
3.202;10.75;39.817;3.146;11.318;39.38;2.536;6.001;40.213;3.077;1.419;38.822;3.842;15.312;39.774;5.116;15.417;39.185;0.828;12.636;39.904;0.73;10.182;40.464;1.307;15.459;39.857;0.828;12.636;39.904;2.708;15.338;39.927;1.307;15.459;39.857;3.202;10.75;39.817;4.283;10.423;39.725;5.116;15.417;39.185;5.657;12.518;39.183;3.146;11.318;39.38;3.189;13.683;39.493;2.138;10.38;39.942;2.536;6.001;40.213;3.202;10.75;39.817;2.138;10.38;39.942;3.189;13.683;39.493;3.163;15.752;38.946;4.283;10.423;39.725;4.385;6.287;41.238;5.657;12.518;39.183;5.798;10.142;39.82;3.163;15.752;38.946;3.331;16.679;40.397;4.385;6.287;41.238;4.109;2.537;38.177
3.232;10.734;40.354;3.188;11.308;39.923;2.515;5.972;40.362;3.106;1.442;38.829;3.879;15.298;40.362;5.161;15.417;39.792;0.857;12.646;40.66;0.806;10.28;41.521;1.345;15.455;40.383;0.857;12.646;40.66;2.742;15.327;40.492;1.345;15.455;40.383;3.232;10.734;40.354;4.315;10.409;40.287;5.161;15.417;39.792;5.655;12.519;39.552;3.188;11.308;39.923;3.227;13.672;40.065;2.166;10.362;40.445;2.515;5.972;40.362;3.232;10.734;40.354;2.166;10.362;40.445;3.227;13.672;40.065;3.218;15.742;39.521;4.315;10.409;40.287;4.482;6.416;42.139;5.655;12.519;39.552;5.804;10.083;39.887;3.218;15.742;39.521;3.378;16.663;40.977;4.482;6.416;42.139;4.305;2.016;40.11
3.268;10.658;40.924;3.235;11.239;40.503;2.514;5.918;40.574;3.129;1.465;38.836;3.917;15.227;40.988;5.205;15.361;40.437;0.901;12.605;41.464;0.917;10.368;42.621;1.384;15.383;40.959;0.901;12.605;41.464;2.778;15.256;41.101;1.384;15.383;40.959;3.268;10.658;40.924;4.351;10.326;40.869;5.205;15.361;40.437;5.662;12.486;39.963;3.235;11.239;40.503;3.27;13.601;40.678;2.198;10.291;40.992;2.514;5.918;40.574;3.268;10.658;40.924;2.198;10.291;40.992;3.27;13.601;40.678;3.269;15.673;40.138;4.351;10.326;40.869;4.604;6.427;42.901;5.662;12.486;39.963;5.819;10.028;40.015;3.269;15.673;40.138;3.426;16.595;41.594;4.604;6.427;42.901;4.485;1.665;41.993
3.313;10.538;41.469;3.287;11.127;41.057;2.529;5.838;40.843;3.147;1.488;38.865;3.97;15.107;41.594;5.256;15.25;41.038;0.943;12.525;42.184;1.001;10.397;43.531;1.439;15.273;41.547;0.943;12.525;42.184;2.832;15.137;41.704;1.439;15.273;41.547;3.313;10.538;41.469;4.393;10.198;41.412;5.256;15.25;41.038;5.669;12.407;40.367;3.287;11.127;41.057;3.321;13.486;41.267;2.24;10.18;41.527;2.529;5.838;40.843;3.313;10.538;41.469;2.24;10.18;41.527;3.321;13.486;41.267;3.325;15.562;40.747;4.393;10.198;41.412;4.708;6.347;43.526;5.669;12.407;40.367;5.826;9.955;40.188;3.325;15.562;40.747;3.491;16.476;42.207;4.708;6.347;43.526;4.614;1.499;43.578
3.386;10.421;42.047;3.368;11.013;41.64;2.553;5.767;41.201;3.154;1.572;38.907;4.066;14.987;42.208;5.35;15.123;41.647;1.009;12.454;42.88;1.077;10.417;44.361;1.538;15.171;42.144;1.009;12.454;42.88;2.927;15.022;42.315;1.538;15.171;42.144;3.386;10.421;42.047;4.463;10.071;41.994;5.35;15.123;41.647;5.722;12.31;40.842;3.368;11.013;41.64;3.41;13.37;41.869;2.309;10.073;42.095;2.553;5.767;41.201;3.386;10.421;42.047;2.309;10.073;42.095;3.41;13.37;41.869;3.426;15.45;41.361;4.463;10.071;41.994;4.711;6.274;44.212;5.722;12.31;40.842;5.874;9.876;40.489;3.426;15.45;41.361;3.592;16.357;42.825;4.711;6.274;44.212;4.536;1.498;45.036
3.462;10.344;42.664;3.449;10.94;42.263;2.569;5.726;41.66;3.13;1.739;39.011;4.176;14.907;42.841;5.457;15.034;42.27;1.092;12.42;43.541;1.15;10.425;45.077;1.652;15.121;42.77;1.092;12.42;43.541;3.038;14.951;42.949;1.652;15.121;42.77;3.462;10.344;42.664;4.537;9.989;42.613;5.457;15.034;42.27;5.788;12.243;41.375;3.449;10.94;42.263;3.506;13.297;42.499;2.383;10.001;42.702;2.569;5.726;41.66;3.462;10.344;42.664;2.383;10.001;42.702;3.506;13.297;42.499;3.539;15.377;41.996;4.537;9.989;42.613;4.64;6.14;44.753;5.788;12.243;41.375;5.928;9.828;40.91;3.539;15.377;41.996;3.709;16.281;43.462;4.64;6.14;44.753;4.311;1.413;45.782
3.553;10.274;43.311;3.538;10.876;42.918;2.602;5.675;42.194;3.12;1.996;39.126;4.278;14.842;43.467;5.551;14.963;42.879;1.176;12.376;44.139;1.207;10.365;45.655;1.757;15.081;43.396;1.176;12.376;44.139;3.14;14.892;43.581;1.757;15.081;43.396;3.553;10.274;43.311;4.629;9.925;43.259;5.551;14.963;42.879;5.853;12.183;41.944;3.538;10.876;42.918;3.598;13.234;43.136;2.475;9.926;43.342;2.602;5.675;42.194;3.553;10.274;43.311;2.475;9.926;43.342;3.598;13.234;43.136;3.638;15.312;42.624;4.629;9.925;43.259;4.617;5.973;45.203;5.853;12.183;41.944;5.979;9.776;41.435;3.638;15.312;42.624;3.818;16.224;44.083;4.617;5.973;45.203;4.18;1.217;46.043
3.655;10.279;44.05;3.633;10.879;43.655;2.646;5.647;43.017;3.095;2.375;39.508;4.384;14.851;44.12;5.653;14.956;43.521;1.281;12.388;44.758;1.284;10.331;46.212;1.865;15.103;44.056;1.281;12.388;44.758;3.247;14.908;44.24;1.865;15.103;44.056;3.655;10.279;44.05;4.735;9.942;43.997;5.653;14.956;43.521;5.948;12.164;42.616;3.633;10.879;43.655;3.694;13.241;43.816;2.581;9.92;44.086;2.646;5.647;43.017;3.655;10.279;44.05;2.581;9.92;44.086;3.694;13.241;43.816;3.742;15.311;43.274;4.735;9.942;43.997;4.663;5.9;45.747;5.948;12.164;42.616;6.067;9.749;42.141;3.742;15.311;43.274;3.935;16.247;44.716;4.663;5.9;45.747;4.195;1.098;46.226
3.752;10.333;44.724;3.719;10.927;44.321;2.694;5.636;43.954;3.051;2.747;40.114;4.483;14.897;44.748;5.757;14.979;44.155;1.396;12.421;45.31;1.373;10.28;46.636;1.964;15.161;44.697;1.396;12.421;45.31;3.346;14.962;44.87;1.964;15.161;44.697;3.752;10.333;44.724;4.834;10.005;44.663;5.757;14.979;44.155;6.063;12.16;43.346;3.719;10.927;44.321;3.782;13.291;44.45;2.681;9.964;44.776;2.694;5.636;43.954;3.752;10.333;44.724;2.681;9.964;44.776;3.782;13.291;44.45;3.841;15.36;43.901;4.834;10.005;44.663;4.713;5.882;46.208;6.063;12.16;43.346;6.176;9.725;42.986;3.841;15.36;43.901;4.048;16.296;45.342;4.713;5.882;46.208;4.221;1.058;46.277
3.85;10.416;45.393;3.812;11.001;44.977;2.763;5.662;44.97;3.032;3.145;40.869;4.568;14.97;45.37;5.854;15.027;44.802;1.511;12.463;45.806;1.463;10.223;46.958;2.047;15.234;45.32;1.511;12.463;45.806;3.431;15.039;45.485;2.047;15.234;45.32;3.85;10.416;45.393;4.935;10.094;45.336;5.854;15.027;44.802;6.189;12.173;44.136;3.812;11.001;44.977;3.864;13.367;45.066;2.783;10.04;45.456;2.763;5.662;44.97;3.85;10.416;45.393;2.783;10.04;45.456;3.864;13.367;45.066;3.933;15.436;44.52;4.935;10.094;45.336;4.78;5.913;46.711;6.189;12.173;44.136;6.297;9.719;43.947;3.933;15.436;44.52;4.141;16.37;45.962;4.78;5.913;46.711;4.313;1.101;46.328
3.93;10.547;45.998;3.896;11.12;45.566;2.854;5.777;46.177;3.083;3.173;42.129;4.636;15.09;45.953;5.942;15.127;45.429;1.608;12.549;46.273;1.545;10.244;47.286;2.112;15.342;45.886;1.608;12.549;46.273;3.498;15.156;46.051;2.112;15.342;45.886;3.93;10.547;45.998;5.013;10.217;45.95;5.942;15.127;45.429;6.322;12.24;44.955;3.896;11.12;45.566;3.94;13.488;45.629;2.86;10.18;46.073;2.854;5.777;46.177;3.93;10.547;45.998;2.86;10.18;46.073;3.94;13.488;45.629;4.015;15.56;45.096;5.013;10.217;45.95;4.809;5.961;47.067;6.322;12.24;44.955;6.419;9.779;44.995;4.015;15.56;45.096;4.213;16.48;46.548;4.809;5.961;47.067;4.323;1.197;46.304
4.01;10.676;46.549;3.982;11.241;46.106;2.968;5.979;47.35;3.181;2.92;43.632;4.698;15.213;46.512;6.028;15.246;46.049;1.702;12.631;46.653;1.627;10.263;47.508;2.172;15.445;46.403;1.702;12.631;46.653;3.558;15.271;46.583;2.172;15.445;46.403;4.01;10.676;46.549;5.088;10.33;46.502;6.028;15.246;46.049;6.471;12.341;45.794;3.982;11.241;46.106;4.021;13.609;46.157;2.936;10.325;46.634;2.968;5.979;47.35;4.01;10.676;46.549;2.936;10.325;46.634;4.021;13.609;46.157;4.094;15.686;45.644;5.088;10.33;46.502;4.857;6.012;47.338;6.471;12.341;45.794;6.548;9.898;46.1;4.094;15.686;45.644;4.27;16.59;47.11;4.857;6.012;47.338;4.343;1.299;46.319
4.085;10.749;47.046;4.055;11.32;46.61;3.135;6.119;48.149;3.309;2.646;44.812;4.757;15.29;47.084;6.107;15.34;46.689;1.77;12.691;47.003;1.665;10.265;47.674;2.232;15.517;46.93;1.77;12.691;47.003;3.614;15.339;47.129;2.232;15.517;46.93;4.085;10.749;47.046;5.16;10.396;46.981;6.107;15.34;46.689;6.627;12.437;46.642;4.055;11.32;46.61;4.099;13.687;46.689;3.01;10.404;47.141;3.135;6.119;48.149;4.085;10.749;47.046;3.01;10.404;47.141;4.099;13.687;46.689;4.17;15.772;46.21;5.16;10.396;46.981;4.914;6.028;47.495;6.627;12.437;46.642;6.67;10.041;47.214;4.17;15.772;46.21;4.32;16.662;47.686;4.914;6.028;47.495;4.347;1.367;46.287
4.165;10.826;47.522;4.138;11.396;47.084;3.203;6.389;49.213;3.409;2.144;46.941;4.814;15.364;47.63;6.173;15.449;47.273;1.827;12.738;47.372;1.695;10.27;47.86;2.287;15.563;47.469;1.827;12.738;47.372;3.671;15.395;47.666;2.287;15.563;47.469;4.165;10.826;47.522;5.234;10.457;47.445;6.173;15.449;47.273;6.771;12.562;47.364;4.138;11.396;47.084;4.185;13.761;47.192;3.086;10.498;47.632;3.203;6.389;49.213;4.165;10.826;47.522;3.086;10.498;47.632;4.185;13.761;47.192;4.228;15.858;46.762;5.234;10.457;47.445;4.962;6.066;47.668;6.771;12.562;47.364;6.774;10.23;48.157;4.228;15.858;46.762;4.364;16.719;48.256;4.962;6.066;47.668;4.332;1.46;46.289
4.232;10.782;48.004;4.199;11.361;47.58;3.309;6.409;49.866;3.624;1.779;48.569;4.866;15.33;48.177;6.23;15.44;47.845;1.866;12.709;47.76;1.693;10.217;48.081;2.339;15.523;48.004;1.866;12.709;47.76;3.722;15.351;48.205;2.339;15.523;48.004;4.232;10.782;48.004;5.3;10.417;47.907;6.23;15.44;47.845;6.903;12.591;48.208;4.199;11.361;47.58;4.253;13.725;47.725;3.155;10.449;48.118;3.309;6.409;49.866;4.232;10.782;48.004;3.155;10.449;48.118;4.253;13.725;47.725;4.281;15.824;47.308;5.3;10.417;47.907;5.01;6.023;47.836;6.903;12.591;48.208;6.828;10.415;49.362;4.281;15.824;47.308;4.41;16.682;48.806;5.01;6.023;47.836;4.325;1.483;46.276
4.289;10.663;48.532;4.241;11.25;48.12;3.425;6.36;50.587;3.844;1.562;50.425;4.903;15.22;48.743;6.259;15.367;48.393;1.887;12.613;48.222;1.68;10.107;48.369;2.375;15.409;48.607;1.887;12.613;48.222;3.759;15.23;48.787;2.375;15.409;48.607;4.289;10.663;48.532;5.359;10.312;48.407;6.259;15.367;48.393;7.017;12.567;48.924;4.241;11.25;48.12;4.3;13.612;48.288;3.218;10.316;48.661;3.425;6.36;50.587;4.289;10.663;48.532;3.218;10.316;48.661;4.3;13.612;48.288;4.301;15.714;47.885;5.359;10.312;48.407;5.048;5.93;48.083;7.017;12.567;48.924;6.893;10.567;50.358;4.301;15.714;47.885;4.446;16.565;49.385;5.048;5.93;48.083;4.308;1.487;46.289
4.316;10.527;49.083;4.262;11.118;48.677;3.514;6.33;51.353;4.066;1.635;52.292;4.929;15.089;49.307;6.282;15.255;48.954;1.9;12.519;48.633;1.65;10.012;48.613;2.404;15.289;49.16;1.9;12.519;48.633;3.786;15.095;49.347;2.404;15.289;49.16;4.316;10.527;49.083;5.387;10.184;48.947;6.282;15.255;48.954;7.106;12.511;49.657;4.262;11.118;48.677;4.332;13.479;48.848;3.248;10.173;49.217;3.514;6.33;51.353;4.316;10.527;49.083;3.248;10.173;49.217;4.332;13.479;48.848;4.329;15.583;48.448;5.387;10.184;48.947;5.062;5.824;48.415;7.106;12.511;49.657;6.929;10.704;51.322;4.329;15.583;48.448;4.468;16.433;49.949;5.062;5.824;48.415;4.298;1.519;46.318
4.36;10.388;49.655;4.306;10.984;49.256;3.631;6.239;51.995;4.308;1.705;53.483;4.966;14.952;49.913;6.318;15.119;49.56;1.947;12.415;49.089;1.674;9.918;48.895;2.442;15.156;49.754;1.947;12.415;49.089;3.822;14.955;49.947;2.442;15.156;49.754;4.36;10.388;49.655;5.431;10.046;49.516;6.318;15.119;49.56;7.185;12.425;50.39;4.306;10.984;49.256;4.376;13.344;49.44;3.292;10.033;49.783;3.631;6.239;51.995;4.36;10.388;49.655;3.292;10.033;49.783;4.376;13.344;49.44;4.369;15.45;49.054;5.431;10.046;49.516;5.092;5.709;48.828;7.185;12.425;50.39;6.977;10.783;52.215;4.369;15.45;49.054;4.496;16.297;50.558;5.092;5.709;48.828;4.323;1.597;46.376
4.382;10.289;50.292;4.329;10.889;49.9;3.764;6.132;52.595;4.534;1.591;54.012;4.984;14.863;50.521;6.327;15.022;50.133;1.972;12.345;49.64;1.689;9.86;49.346;2.46;15.069;50.38;1.972;12.345;49.64;3.84;14.863;50.566;2.46;15.069;50.38;4.382;10.289;50.292;5.449;9.939;50.138;6.327;15.022;50.133;7.226;12.352;51.006;4.329;10.889;49.9;4.394;13.251;50.063;3.313;9.94;50.428;3.764;6.132;52.595;4.382;10.289;50.292;3.313;9.94;50.428;4.394;13.251;50.063;4.377;15.354;49.666;5.449;9.939;50.138;5.113;5.63;49.29;7.226;12.352;51.006;7.029;10.841;52.942;4.377;15.354;49.666;4.512;16.214;51.161;5.113;5.63;49.29;4.333;1.795;46.428
4.393;10.245;50.955;4.352;10.845;50.561;3.788;6.095;53.228;4.534;1.519;54.542;4.99;14.828;51.13;6.329;14.984;50.724;1.994;12.312;50.206;1.72;9.829;49.881;2.468;15.029;50.979;1.994;12.312;50.206;3.846;14.822;51.175;2.468;15.029;50.979;4.393;10.245;50.955;5.453;9.874;50.8;6.329;14.984;50.724;7.223;12.295;51.541;4.352;10.845;50.561;4.409;13.21;50.682;3.317;9.918;51.092;3.788;6.095;53.228;4.393;10.245;50.955;3.317;9.918;51.092;4.409;13.21;50.682;4.381;15.311;50.271;5.453;9.874;50.8;5.133;5.571;49.915;7.223;12.295;51.541;7.019;10.812;53.498;4.381;15.311;50.271;4.51;16.181;51.761;5.133;5.571;49.915;4.388;2.101;46.612
4.423;10.25;51.664;4.392;10.848;51.266;3.881;6.041;53.774;4.59;1.336;54.541;5.006;14.842;51.761;6.339;14.986;51.332;2.014;12.317;50.836;1.753;9.829;50.547;2.485;15.037;51.602;2.014;12.317;50.836;3.862;14.829;51.808;2.485;15.037;51.602;4.423;10.25;51.664;5.475;9.859;51.51;6.339;14.986;51.332;7.212;12.259;52.037;4.392;10.848;51.266;4.433;13.215;51.33;3.341;9.945;51.807;3.881;6.041;53.774;4.423;10.25;51.664;3.341;9.945;51.807;4.433;13.215;51.33;4.392;15.312;50.898;5.475;9.859;51.51;5.168;5.537;50.717;7.212;12.259;52.037;7.047;10.717;53.951;4.392;15.312;50.898;4.513;16.2;52.379;5.168;5.537;50.717;4.451;2.54;46.973
4.44;10.33;52.339;4.421;10.919;51.927;3.927;6.045;54.241;4.629;1.292;54.604;5.01;14.916;52.389;6.349;15.051;51.974;2.037;12.353;51.518;1.821;9.847;51.379;2.491;15.098;52.198;2.037;12.353;51.518;3.866;14.899;52.423;2.491;15.098;52.198;4.44;10.33;52.339;5.491;9.927;52.215;6.349;15.051;51.974;7.187;12.279;52.533;4.421;10.919;51.927;4.449;13.287;51.953;3.353;10.036;52.467;3.927;6.045;54.241;4.44;10.33;52.339;3.353;10.036;52.467;4.449;13.287;51.953;4.405;15.383;51.52;5.491;9.927;52.215;5.288;5.547;51.792;7.187;12.279;52.533;7.052;10.587;54.319;4.405;15.383;51.52;4.502;16.277;52.998;5.288;5.547;51.792;4.718;2.873;47.788
4.442;10.423;52.94;4.431;11.003;52.517;3.943;6.041;54.576;4.652;1.275;54.605;5.029;14.993;52.977;6.371;15.113;52.569;2.042;12.424;52.2;1.849;9.912;52.195;2.509;15.186;52.798;2.042;12.424;52.2;3.885;14.981;53.015;2.509;15.186;52.798;4.442;10.423;52.94;5.494;10.015;52.839;6.371;15.113;52.569;7.15;12.292;52.939;4.431;11.003;52.517;4.459;13.371;52.527;3.353;10.134;53.059;3.943;6.041;54.576;4.442;10.423;52.94;3.353;10.134;53.059;4.459;13.371;52.527;4.423;15.471;52.114;5.494;10.015;52.839;5.34;5.613;52.92;7.15;12.292;52.939;7.048;10.411;54.527;4.423;15.471;52.114;4.514;16.366;53.593;5.34;5.613;52.92;4.814;3.037;48.846
4.476;10.554;53.533;4.463;11.127;53.099;3.966;6.054;54.837;4.672;1.296;54.546;5.082;15.112;53.528;6.422;15.203;53.107;2.046;12.543;52.978;1.861;10.039;53.181;2.56;15.328;53.406;2.046;12.543;52.978;3.939;15.11;53.587;2.56;15.328;53.406;4.476;10.554;53.533;5.534;10.156;53.448;6.422;15.203;53.107;7.13;12.345;53.296;4.463;11.127;53.099;4.489;13.495;53.089;3.389;10.256;53.648;3.966;6.054;54.837;4.476;10.554;53.533;3.389;10.256;53.648;4.489;13.495;53.089;4.464;15.595;52.676;5.534;10.156;53.448;5.5;5.799;54.095;7.13;12.345;53.296;7.075;10.292;54.657;4.464;15.595;52.676;4.569;16.503;54.146;5.5;5.799;54.095;5.017;3.086;50.105
4.5;10.672;54.063;4.485;11.241;53.623;3.965;6.077;55.033;4.682;1.341;54.509;5.113;15.219;54.057;6.452;15.301;53.632;2.097;12.636;53.626;1.986;10.147;53.994;2.59;15.438;53.961;2.097;12.636;53.626;3.97;15.22;54.13;2.59;15.438;53.961;4.5;10.672;54.063;5.564;10.287;53.995;6.452;15.301;53.632;7.104;12.425;53.59;4.485;11.241;53.623;4.509;13.609;53.608;3.416;10.361;54.167;3.965;6.077;55.033;4.5;10.672;54.063;3.416;10.361;54.167;4.509;13.609;53.608;4.486;15.714;53.218;5.564;10.287;53.995;5.637;6.038;55.153;7.104;12.425;53.59;7.09;10.206;54.659;4.486;15.714;53.218;4.6;16.611;54.694;5.637;6.038;55.153;5.211;2.83;51.541
4.516;10.758;54.55;4.508;11.326;54.11;3.94;6.105;55.203;4.669;1.392;54.505;5.155;15.298;54.545;6.502;15.371;54.142;2.136;12.727;54.208;2.074;10.295;54.862;2.64;15.541;54.387;2.136;12.727;54.208;4.012;15.309;54.599;2.64;15.541;54.387;4.516;10.758;54.55;5.583;10.378;54.507;6.502;15.371;54.142;7.102;12.498;53.857;4.508;11.326;54.11;4.544;13.694;54.082;3.431;10.442;54.629;3.94;6.105;55.203;4.516;10.758;54.55;3.431;10.442;54.629;4.544;13.694;54.082;4.548;15.8;53.697;5.583;10.378;54.507;5.722;6.25;56.035;7.102;12.498;53.857;7.101;10.151;54.606;4.548;15.8;53.697;4.638;16.693;55.176;5.722;6.25;56.035;5.391;2.405;53.099
4.545;10.783;55.052;4.549;11.357;54.62;3.93;6.096;55.353;4.67;1.415;54.479;5.222;15.319;55.094;6.569;15.386;54.692;2.189;12.769;54.962;2.185;10.425;55.885;2.709;15.585;54.935;2.189;12.769;54.962;4.079;15.341;55.148;2.709;15.585;54.935;4.545;10.783;55.052;5.612;10.401;55.029;6.569;15.386;54.692;7.115;12.537;54.155;4.549;11.357;54.62;4.596;13.725;54.619;3.458;10.468;55.1;3.93;6.096;55.353;4.545;10.783;55.052;3.458;10.468;55.1;4.596;13.725;54.619;4.619;15.833;54.249;5.612;10.401;55.029;5.814;6.373;56.801;7.115;12.537;54.155;7.131;10.112;54.59;4.619;15.833;54.249;4.705;16.727;55.729;5.814;6.373;56.801;5.586;1.963;54.798
4.584;10.731;55.562;4.601;11.31;55.137;3.935;6.042;55.566;4.672;1.406;54.479;5.283;15.269;55.624;6.634;15.332;55.234;2.243;12.734;55.687;2.292;10.511;56.87;2.772;15.538;55.44;2.243;12.734;55.687;4.14;15.297;55.667;2.772;15.538;55.44;4.584;10.731;55.562;5.648;10.34;55.554;6.634;15.332;55.234;7.136;12.531;54.456;4.601;11.31;55.137;4.653;13.678;55.144;3.493;10.425;55.586;3.935;6.042;55.566;4.584;10.731;55.562;3.493;10.425;55.586;4.653;13.678;55.144;4.691;15.786;54.774;5.648;10.34;55.554;5.929;6.38;57.463;7.136;12.531;54.456;7.162;10.071;54.583;4.691;15.786;54.774;4.767;16.689;56.248;5.929;6.38;57.463;5.774;1.63;56.501
4.647;10.631;56.093;4.672;11.215;55.674;3.968;5.956;55.819;4.678;1.403;54.407;5.354;15.175;56.166;6.71;15.234;55.791;2.302;12.654;56.428;2.388;10.578;57.852;2.843;15.425;55.946;2.302;12.654;56.428;4.211;15.204;56.195;2.843;15.425;55.946;4.647;10.631;56.093;5.708;10.234;56.095;6.71;15.234;55.791;7.181;12.488;54.823;4.672;11.215;55.674;4.73;13.582;55.685;3.554;10.332;56.101;3.968;5.956;55.819;4.647;10.631;56.093;3.554;10.332;56.101;4.73;13.582;55.685;4.773;15.689;55.306;5.708;10.234;56.095;6.071;6.343;58.128;7.181;12.488;54.823;7.217;10.028;54.699;4.773;15.689;55.306;4.833;16.613;56.768;6.071;6.343;58.128;6.0;1.495;58.205
4.707;10.527;56.616;4.739;11.114;56.203;3.996;5.868;56.157;4.669;1.422;54.425;5.432;15.072;56.716;6.79;15.121;56.35;2.371;12.56;57.098;2.488;10.578;58.649;2.918;15.302;56.48;2.371;12.56;57.098;4.288;15.102;56.736;2.918;15.302;56.48;4.707;10.527;56.616;5.767;10.124;56.623;6.79;15.121;56.35;7.229;12.433;55.217;4.739;11.114;56.203;4.808;13.481;56.226;3.613;10.233;56.612;3.996;5.868;56.157;4.707;10.527;56.616;3.613;10.233;56.612;4.808;13.481;56.226;4.858;15.589;55.853;5.767;10.124;56.623;6.109;6.247;58.685;7.229;12.433;55.217;7.269;9.993;54.88;4.858;15.589;55.853;4.912;16.525;57.307;6.109;6.247;58.685;6.017;1.457;59.433
4.803;10.442;57.181;4.836;11.03;56.769;4.05;5.786;56.586;4.666;1.502;54.469;5.53;14.987;57.301;6.889;15.024;56.937;2.48;12.461;57.812;2.633;10.559;59.456;3.01;15.174;57.062;2.48;12.461;57.812;4.386;15.014;57.317;3.01;15.174;57.062;4.803;10.442;57.181;5.865;10.046;57.199;6.889;15.024;56.937;7.3;12.385;55.686;4.836;11.03;56.769;4.912;13.397;56.802;3.711;10.14;57.163;4.05;5.786;56.586;4.803;10.442;57.181;3.711;10.14;57.163;4.912;13.397;56.802;4.958;15.506;56.438;5.865;10.046;57.199;6.147;6.194;59.317;7.3;12.385;55.686;7.342;9.971;55.195;4.958;15.506;56.438;5.006;16.449;57.888;6.147;6.194;59.317;6.012;1.47;60.402
4.911;10.36;57.791;4.946;10.952;57.385;4.081;5.709;57.052;4.619;1.682;54.459;5.649;14.914;57.89;7.007;14.937;57.521;2.539;12.419;58.504;2.646;10.573;60.214;3.129;15.085;57.637;2.539;12.419;58.504;4.505;14.942;57.9;3.129;15.085;57.637;4.911;10.36;57.791;5.975;9.972;57.825;7.007;14.937;57.521;7.395;12.317;56.223;4.946;10.952;57.385;5.034;13.318;57.406;3.822;10.05;57.75;4.081;5.709;57.052;4.911;10.36;57.791;3.822;10.05;57.75;5.034;13.318;57.406;5.082;15.423;57.019;5.975;9.972;57.825;6.089;6.03;59.788;7.395;12.317;56.223;7.437;9.918;55.667;5.082;15.423;57.019;5.115;16.393;58.452;6.089;6.03;59.788;5.806;1.267;60.652
5.04;10.351;58.453;5.07;10.941;58.043;4.161;5.67;57.749;4.646;1.946;54.73;5.777;14.909;58.496;7.128;14.921;58.101;2.625;12.416;59.149;2.692;10.526;60.812;3.253;15.067;58.267;2.625;12.416;59.149;4.633;14.935;58.514;3.253;15.067;58.267;5.04;10.351;58.453;6.111;9.983;58.503;7.128;14.921;58.101;7.5;12.286;56.829;5.07;10.941;58.043;5.16;13.308;58.034;3.957;10.021;58.402;4.161;5.67;57.749;5.04;10.351;58.453;3.957;10.021;58.402;5.16;13.308;58.034;5.202;15.408;57.623;6.111;9.983;58.503;6.152;5.974;60.327;7.5;12.286;56.829;7.542;9.879;56.305;5.202;15.408;57.623;5.238;16.4;59.041;6.152;5.974;60.327;5.837;1.164;60.853
