0.0;10.351;0.0;-0.001;10.99;-0.329;-1.123;5.677;0.779;-1.251;1.628;-1.831;0.737;14.942;0.366;2.072;15.097;-0.055;-2.673;12.244;-0.193;-2.843;9.8;0.392;-1.792;14.958;0.06;-2.673;12.244;-0.193;-0.404;14.985;0.293;-1.792;14.958;0.06;0.0;10.351;0.0;1.078;10.007;-0.049;2.072;15.097;-0.055;2.359;12.161;-0.077;-0.001;10.99;-0.329;0.135;13.347;-0.136;-1.078;10.004;-0.044;-1.123;5.677;0.779;0.0;10.351;0.0;-1.078;10.004;-0.044;0.135;13.347;-0.136;0.241;15.444;-0.553;1.078;10.007;-0.049;0.71;5.657;-0.638;2.359;12.161;-0.077;2.569;9.707;-0.012;0.241;15.444;-0.553;0.267;16.307;0.947;0.71;5.657;-0.638;0.342;1.245;-2.616
0.032;10.347;0.17;0.03;10.986;-0.159;-1.018;5.751;1.286;-1.075;1.704;-1.33;0.783;14.926;0.59;2.126;15.077;0.196;-2.632;12.255;-0.068;-2.837;9.8;0.455;-1.741;14.96;0.242;-2.632;12.255;-0.068;-0.358;14.975;0.501;-1.741;14.96;0.242;0.032;10.347;0.17;1.11;10.003;0.121;2.126;15.077;0.196;2.434;12.144;0.158;0.03;10.986;-0.159;0.181;13.339;0.063;-1.046;10.0;0.126;-1.018;5.751;1.286;0.032;10.347;0.17;-1.046;10.0;0.126;0.181;13.339;0.063;0.302;15.44;-0.33;1.11;10.003;0.121;0.737;5.668;-0.57;2.434;12.144;0.158;2.643;9.692;0.266;0.302;15.44;-0.33;0.309;16.293;1.176;0.737;5.668;-0.57;0.342;1.29;-2.615
0.062;10.349;0.354;0.062;10.987;0.024;-0.936;5.86;1.8;-0.844;1.671;-0.581;0.829;14.912;0.848;2.18;15.068;0.482;-2.586;12.27;0.08;-2.825;9.803;0.527;-1.688;14.964;0.459;-2.586;12.27;0.08;-0.309;14.966;0.743;-1.688;14.964;0.459;0.062;10.349;0.354;1.141;10.004;0.31;2.18;15.068;0.482;2.523;12.139;0.432;0.062;10.987;0.024;0.23;13.335;0.288;-1.016;10.002;0.305;-0.936;5.86;1.8;0.062;10.349;0.354;-1.016;10.002;0.305;0.23;13.335;0.288;0.363;15.441;-0.071;1.141;10.004;0.31;0.765;5.69;-0.492;2.523;12.139;0.432;2.73;9.69;0.598;0.363;15.441;-0.071;0.351;16.279;1.443;0.765;5.69;-0.492;0.349;1.348;-2.61
0.082;10.33;0.559;0.083;10.969;0.229;-0.879;5.956;2.288;-0.63;1.55;0.352;0.856;14.876;1.138;2.212;15.041;0.799;-2.552;12.262;0.255;-2.816;9.783;0.613;-1.654;14.943;0.713;-2.552;12.262;0.255;-0.281;14.933;1.021;-1.654;14.943;0.713;0.082;10.33;0.559;1.161;9.986;0.518;2.212;15.041;0.799;2.589;12.116;0.742;0.083;10.969;0.229;0.263;13.309;0.544;-0.996;9.983;0.508;-0.879;5.956;2.288;0.082;10.33;0.559;-0.996;9.983;0.508;0.263;13.309;0.544;0.402;15.421;0.223;1.161;9.986;0.518;0.788;5.694;-0.401;2.589;12.116;0.742;2.785;9.672;0.984;0.402;15.421;0.223;0.374;16.245;1.744;0.788;5.694;-0.401;0.356;1.397;-2.606
0.097;10.287;0.799;0.096;10.926;0.47;-0.814;6.046;2.805;-0.444;1.421;1.503;0.872;14.813;1.465;2.231;14.988;1.141;-2.528;12.23;0.479;-2.809;9.74;0.735;-1.635;14.897;1.023;-2.528;12.23;0.479;-0.265;14.871;1.344;-1.635;14.897;1.023;0.097;10.287;0.799;1.175;9.942;0.751;2.231;14.988;1.141;2.634;12.067;1.091;0.096;10.926;0.47;0.283;13.258;0.839;-0.981;9.94;0.754;-0.814;6.046;2.805;0.097;10.287;0.799;-0.981;9.94;0.754;0.283;13.258;0.839;0.422;15.376;0.558;1.175;9.942;0.751;0.804;5.677;-0.285;2.634;12.067;1.091;2.806;9.633;1.429;0.422;15.376;0.558;0.386;16.189;2.085;0.804;5.677;-0.285;0.353;1.438;-2.596
0.111;10.215;1.078;0.107;10.855;0.75;-0.765;6.081;3.282;-0.31;1.323;2.67;0.886;14.72;1.839;2.247;14.909;1.534;-2.503;12.171;0.742;-2.805;9.674;0.893;-1.616;14.819;1.375;-2.503;12.171;0.742;-0.25;14.779;1.712;-1.616;14.819;1.375;0.111;10.215;1.078;1.189;9.87;1.017;2.247;14.909;1.534;2.696;11.994;1.514;0.107;10.855;0.75;0.303;13.176;1.181;-0.967;9.869;1.044;-0.765;6.081;3.282;0.111;10.215;1.078;-0.967;9.869;1.044;0.303;13.176;1.181;0.44;15.299;0.941;1.189;9.87;1.017;0.816;5.638;-0.143;2.696;11.994;1.514;2.847;9.579;1.977;0.44;15.299;0.941;0.392;16.1;2.473;0.816;5.638;-0.143;0.343;1.474;-2.584
0.129;10.125;1.377;0.12;10.766;1.051;-0.706;6.086;3.746;-0.169;1.299;3.869;0.898;14.604;2.241;2.262;14.808;1.959;-2.477;12.085;1.042;-2.795;9.587;1.086;-1.6;14.716;1.759;-2.477;12.085;1.042;-0.238;14.663;2.11;-1.6;14.716;1.759;0.129;10.125;1.377;1.205;9.78;1.3;2.262;14.808;1.959;2.736;11.898;1.914;0.12;10.766;1.051;0.322;13.074;1.545;-0.95;9.779;1.358;-0.706;6.086;3.746;0.129;10.125;1.377;-0.95;9.779;1.358;0.322;13.074;1.545;0.454;15.202;1.353;1.205;9.78;1.3;0.827;5.583;0.018;2.736;11.898;1.914;2.851;9.493;2.438;0.454;15.202;1.353;0.396;15.988;2.894;0.827;5.583;0.018;0.33;1.513;-2.571
0.143;10.046;1.757;0.128;10.688;1.434;-0.642;6.057;4.212;-0.039;1.314;4.813;0.899;14.513;2.679;2.26;14.732;2.391;-2.455;12.005;1.41;-2.78;9.508;1.341;-1.599;14.62;2.204;-2.455;12.005;1.41;-0.238;14.564;2.557;-1.599;14.62;2.204;0.143;10.046;1.757;1.218;9.701;1.659;2.26;14.732;2.391;2.767;11.826;2.377;0.128;10.688;1.434;0.331;12.987;1.968;-0.937;9.701;1.755;-0.642;6.057;4.212;0.143;10.046;1.757;-0.937;9.701;1.755;0.331;12.987;1.968;0.444;15.118;1.803;1.218;9.701;1.659;0.84;5.544;0.253;2.767;11.826;2.377;2.849;9.452;3.028;0.444;15.118;1.803;0.394;15.898;3.347;0.84;5.544;0.253;0.347;1.612;-2.541
0.148;9.962;2.182;0.128;10.605;1.861;-0.581;5.975;4.652;0.073;1.258;5.387;0.888;14.421;3.145;2.246;14.646;2.849;-2.443;11.92;1.822;-2.771;9.428;1.654;-1.612;14.523;2.679;-2.443;11.92;1.822;-0.25;14.465;3.033;-1.612;14.523;2.679;0.148;9.962;2.182;1.221;9.617;2.064;2.246;14.646;2.849;2.774;11.744;2.832;0.128;10.605;1.861;0.323;12.898;2.424;-0.931;9.617;2.199;-0.581;5.975;4.652;0.148;9.962;2.182;-0.931;9.617;2.199;0.323;12.898;2.424;0.422;15.031;2.278;1.221;9.617;2.064;0.848;5.489;0.573;2.774;11.744;2.832;2.833;9.389;3.553;0.422;15.031;2.278;0.385;15.804;3.826;0.848;5.489;0.573;0.384;1.731;-2.455
0.153;9.932;2.667;0.127;10.577;2.349;-0.53;5.87;5.034;0.135;1.122;5.517;0.857;14.395;3.644;2.211;14.625;3.336;-2.44;11.875;2.294;-2.757;9.389;2.044;-1.645;14.476;3.194;-2.44;11.875;2.294;-0.283;14.427;3.543;-1.645;14.476;3.194;0.153;9.932;2.667;1.223;9.587;2.526;2.211;14.625;3.336;2.757;11.726;3.298;0.127;10.577;2.349;0.302;12.868;2.922;-0.925;9.588;2.704;-0.53;5.87;5.034;0.153;9.932;2.667;-0.925;9.588;2.704;0.302;12.868;2.922;0.375;15.003;2.784;1.223;9.587;2.526;0.852;5.48;0.978;2.757;11.726;3.298;2.8;9.383;4.057;0.375;15.003;2.784;0.355;15.773;4.334;0.852;5.48;0.978;0.422;1.971;-2.341
0.16;9.938;3.23;0.13;10.583;2.914;-0.495;5.792;5.462;0.167;1.021;5.614;0.822;14.414;4.187;2.174;14.645;3.868;-2.443;11.867;2.835;-2.75;9.385;2.535;-1.682;14.473;3.748;-2.443;11.867;2.835;-0.319;14.434;4.095;-1.682;14.473;3.748;0.16;9.938;3.23;1.228;9.593;3.078;2.174;14.645;3.868;2.733;11.751;3.779;0.13;10.583;2.914;0.278;12.879;3.476;-0.919;9.593;3.277;-0.495;5.792;5.462;0.16;9.938;3.23;-0.919;9.593;3.277;0.278;12.879;3.476;0.327;15.014;3.328;1.228;9.593;3.078;0.837;5.476;1.561;2.733;11.751;3.779;2.775;9.403;4.526;0.327;15.014;3.328;0.322;15.791;4.875;0.837;5.476;1.561;0.46;2.302;-2.086
0.177;10.018;3.851;0.151;10.662;3.534;-0.495;5.763;5.873;0.162;0.993;5.669;0.778;14.518;4.759;2.128;14.756;4.439;-2.446;11.917;3.422;-2.738;9.435;3.112;-1.726;14.542;4.314;-2.446;11.917;3.422;-0.363;14.521;4.665;-1.726;14.542;4.314;0.177;10.018;3.851;1.247;9.673;3.712;2.128;14.756;4.439;2.709;11.869;4.265;0.151;10.662;3.534;0.257;12.969;4.061;-0.902;9.673;3.887;-0.495;5.763;5.873;0.177;10.018;3.851;-0.902;9.673;3.887;0.257;12.969;4.061;0.276;15.103;3.894;1.247;9.673;3.712;0.859;5.507;2.335;2.709;11.869;4.265;2.762;9.503;4.947;0.276;15.103;3.894;0.274;15.888;5.436;0.859;5.507;2.335;0.63;2.754;-1.65
0.184;10.09;4.416;0.161;10.733;4.097;-0.502;5.72;6.189;0.158;0.973;5.688;0.759;14.604;5.281;2.106;14.834;4.946;-2.469;11.966;4.036;-2.758;9.478;3.767;-1.75;14.612;4.865;-2.469;11.966;4.036;-0.383;14.598;5.2;-1.75;14.612;4.865;0.184;10.09;4.416;1.256;9.744;4.285;2.106;14.834;4.946;2.686;11.953;4.701;0.161;10.733;4.097;0.241;13.046;4.599;-0.895;9.745;4.444;-0.502;5.72;6.189;0.184;10.09;4.416;-0.895;9.745;4.444;0.241;13.046;4.599;0.243;15.18;4.419;1.256;9.744;4.285;0.87;5.497;3.182;2.686;11.953;4.701;2.746;9.57;5.325;0.243;15.18;4.419;0.259;15.967;5.959;0.87;5.497;3.182;0.721;3.073;-1.015
0.194;10.188;4.973;0.174;10.831;4.653;-0.517;5.699;6.435;0.156;0.987;5.683;0.747;14.723;5.771;2.085;14.951;5.4;-2.493;12.03;4.684;-2.776;9.533;4.499;-1.771;14.704;5.409;-2.493;12.03;4.684;-0.396;14.705;5.715;-1.771;14.704;5.409;0.194;10.188;4.973;1.267;9.843;4.857;2.085;14.951;5.4;2.672;12.078;5.081;0.174;10.831;4.653;0.23;13.153;5.116;-0.885;9.843;4.989;-0.517;5.699;6.435;0.194;10.188;4.973;-0.885;9.843;4.989;0.23;13.153;5.116;0.207;15.285;4.914;1.267;9.843;4.857;0.929;5.5;4.208;2.672;12.078;5.081;2.76;9.682;5.648;0.207;15.285;4.914;0.253;16.074;6.453;0.929;5.5;4.208;0.867;3.281;-0.103
0.197;10.299;5.499;0.18;10.941;5.178;-0.534;5.705;6.616;0.146;1.027;5.679;0.75;14.847;6.238;2.077;15.071;5.825;-2.518;12.112;5.35;-2.796;9.61;5.285;-1.776;14.815;5.942;-2.518;12.112;5.35;-0.394;14.822;6.211;-1.776;14.815;5.942;0.197;10.299;5.499;1.271;9.953;5.389;2.077;15.071;5.825;2.664;12.206;5.441;0.18;10.941;5.178;0.226;13.269;5.609;-0.882;9.954;5.509;-0.534;5.705;6.616;0.197;10.299;5.499;-0.882;9.954;5.509;0.226;13.269;5.609;0.185;15.399;5.39;1.271;9.953;5.389;1.035;5.555;5.325;2.664;12.206;5.441;2.777;9.801;5.961;0.185;15.399;5.39;0.267;16.189;6.927;1.035;5.555;5.325;0.976;3.228;1.071
0.189;10.421;5.971;0.17;11.064;5.65;-0.555;5.748;6.731;0.12;1.099;5.658;0.756;14.976;6.678;2.066;15.2;6.214;-2.545;12.203;6.074;-2.807;9.701;6.187;-1.779;14.934;6.474;-2.545;12.203;6.074;-0.388;14.946;6.691;-1.779;14.934;6.474;0.189;10.421;5.971;1.262;10.076;5.856;2.066;15.2;6.214;2.66;12.348;5.753;0.17;11.064;5.65;0.217;13.394;6.073;-0.89;10.076;5.985;-0.555;5.748;6.731;0.189;10.421;5.971;-0.89;10.076;5.985;0.217;13.394;6.073;0.16;15.522;5.849;1.262;10.076;5.856;1.15;5.704;6.377;2.66;12.348;5.753;2.808;9.935;6.227;0.16;15.522;5.849;0.29;16.307;7.386;1.15;5.704;6.377;1.016;2.972;2.372
0.203;10.507;6.482;0.186;11.15;6.16;-0.564;5.785;6.869;0.108;1.168;5.662;0.785;15.067;7.15;2.083;15.285;6.649;-2.553;12.294;6.793;-2.806;9.805;7.084;-1.754;15.036;7.01;-2.553;12.294;6.793;-0.358;15.039;7.19;-1.754;15.036;7.01;0.203;10.507;6.482;1.277;10.162;6.375;2.083;15.285;6.649;2.666;12.446;6.102;0.186;11.15;6.16;0.23;13.483;6.566;-0.876;10.162;6.49;-0.564;5.785;6.869;0.203;10.507;6.482;-0.876;10.162;6.49;0.23;13.483;6.566;0.171;15.61;6.333;1.277;10.162;6.375;1.283;5.894;7.464;2.666;12.446;6.102;2.833;10.023;6.51;0.171;15.61;6.333;0.333;16.4;7.864;1.283;5.894;7.464;1.16;2.568;3.938
0.221;10.556;6.954;0.209;11.198;6.63;-0.577;5.815;6.976;0.1;1.229;5.659;0.823;15.11;7.616;2.109;15.327;7.087;-2.546;12.358;7.501;-2.778;9.896;7.981;-1.72;15.1;7.527;-2.546;12.358;7.501;-0.32;15.088;7.676;-1.72;15.1;7.527;0.221;10.556;6.954;1.297;10.211;6.864;2.109;15.327;7.087;2.685;12.508;6.437;0.209;11.198;6.63;0.25;13.53;7.038;-0.858;10.211;6.946;-0.577;5.815;6.976;0.221;10.556;6.954;-0.858;10.211;6.946;0.25;13.53;7.038;0.197;15.658;6.81;1.297;10.211;6.864;1.394;6.09;8.416;2.685;12.508;6.437;2.867;10.073;6.766;0.197;15.658;6.81;0.384;16.449;8.338;1.394;6.09;8.416;1.299;2.117;5.637
0.235;10.544;7.4;0.226;11.184;7.075;-0.578;5.811;7.097;0.105;1.263;5.656;0.857;15.086;8.081;2.14;15.298;7.543;-2.535;12.375;8.171;-2.733;9.954;8.84;-1.687;15.106;8.017;-2.535;12.375;8.171;-0.286;15.073;8.149;-1.687;15.106;8.017;0.235;10.544;7.4;1.311;10.199;7.323;2.14;15.298;7.543;2.705;12.502;6.795;0.226;11.184;7.075;0.267;13.514;7.499;-0.844;10.198;7.381;-0.578;5.811;7.097;0.235;10.544;7.4;-0.844;10.198;7.381;0.267;13.514;7.499;0.229;15.644;7.283;1.311;10.199;7.323;1.518;6.213;9.186;2.705;12.502;6.795;2.887;10.057;7.039;0.229;15.644;7.283;0.432;16.434;8.81;1.518;6.213;9.186;1.456;1.714;7.376
0.259;10.465;7.893;0.252;11.105;7.566;-0.561;5.759;7.294;0.122;1.278;5.66;0.904;14.997;8.586;2.19;15.199;8.048;-2.506;12.342;8.871;-2.665;9.978;9.727;-1.639;15.051;8.537;-2.506;12.342;8.871;-0.238;14.995;8.658;-1.639;15.051;8.537;0.259;10.465;7.893;1.336;10.119;7.823;2.19;15.199;8.048;2.741;12.423;7.219;0.252;11.105;7.566;0.297;13.433;8.001;-0.82;10.119;7.867;-0.561;5.759;7.294;0.259;10.465;7.893;-0.82;10.119;7.867;0.297;13.433;8.001;0.28;15.563;7.791;1.336;10.119;7.823;1.635;6.221;9.851;2.741;12.423;7.219;2.921;9.971;7.371;0.28;15.563;7.791;0.493;16.361;9.312;1.635;6.221;9.851;1.582;1.436;9.068
0.299;10.345;8.398;0.293;10.985;8.071;-0.527;5.676;7.562;0.15;1.288;5.689;0.968;14.866;9.109;2.26;15.052;8.582;-2.458;12.271;9.527;-2.579;9.97;10.544;-1.575;14.954;9.053;-2.458;12.271;9.527;-0.174;14.877;9.178;-1.575;14.954;9.053;0.299;10.345;8.398;1.377;10.0;8.331;2.26;15.052;8.582;2.794;12.292;7.69;0.293;10.985;8.071;0.344;13.311;8.517;-0.779;9.999;8.37;-0.527;5.676;7.562;0.299;10.345;8.398;-0.779;9.999;8.37;0.344;13.311;8.517;0.353;15.442;8.315;1.377;10.0;8.331;1.726;6.182;10.5;2.794;12.292;7.69;2.967;9.835;7.741;0.353;15.442;8.315;0.567;16.244;9.833;1.726;6.182;10.5;1.657;1.338;10.72
0.364;10.223;8.934;0.361;10.863;8.606;-0.49;5.594;7.893;0.161;1.341;5.722;1.051;14.733;9.661;2.35;14.899;9.145;-2.39;12.192;10.159;-2.481;9.948;11.3;-1.49;14.85;9.588;-2.39;12.192;10.159;-0.092;14.756;9.723;-1.49;14.85;9.588;0.364;10.223;8.934;1.442;9.878;8.879;2.35;14.899;9.145;2.861;12.151;8.201;0.361;10.863;8.606;0.414;13.187;9.059;-0.714;9.877;8.896;-0.49;5.594;7.893;0.364;10.223;8.934;-0.714;9.877;8.896;0.414;13.187;9.059;0.446;15.319;8.865;1.442;9.878;8.879;1.767;6.102;11.124;2.861;12.151;8.201;3.023;9.694;8.157;0.446;15.319;8.865;0.658;16.122;10.383;1.767;6.102;11.124;1.673;1.333;11.992
0.436;10.131;9.517;0.438;10.77;9.187;-0.471;5.538;8.309;0.128;1.475;5.787;1.153;14.633;10.238;2.458;14.772;9.727;-2.299;12.134;10.758;-2.374;9.922;11.962;-1.385;14.779;10.149;-2.299;12.134;10.758;0.011;14.67;10.296;-1.385;14.779;10.149;0.436;10.131;9.517;1.515;9.786;9.478;2.458;14.772;9.727;2.933;12.028;8.754;0.438;10.77;9.187;0.5;13.095;9.634;-0.641;9.785;9.464;-0.471;5.538;8.309;0.436;10.131;9.517;-0.641;9.785;9.464;0.5;13.095;9.634;0.559;15.226;9.44;1.515;9.786;9.478;1.739;6.031;11.768;2.933;12.028;8.754;3.077;9.572;8.635;0.559;15.226;9.44;0.771;16.033;10.956;1.739;6.031;11.768;1.566;1.304;12.836
0.523;10.087;10.173;0.529;10.724;9.841;-0.447;5.516;8.859;0.088;1.718;5.942;1.274;14.592;10.847;2.578;14.705;10.328;-2.182;12.109;11.334;-2.257;9.893;12.529;-1.262;14.759;10.754;-2.182;12.109;11.334;0.132;14.64;10.908;-1.262;14.759;10.754;0.523;10.087;10.173;1.602;9.742;10.151;2.578;14.705;10.328;3.017;11.956;9.356;0.529;10.724;9.841;0.605;13.055;10.257;-0.554;9.739;10.106;-0.447;5.516;8.859;0.523;10.087;10.173;-0.554;9.739;10.106;0.605;13.055;10.257;0.683;15.184;10.046;1.602;9.742;10.151;1.711;5.948;12.386;3.017;11.956;9.356;3.144;9.5;9.208;0.683;15.184;10.046;0.902;16.003;11.555;1.711;5.948;12.386;1.495;1.161;13.13
0.616;10.098;10.867;0.625;10.734;10.534;-0.4;5.527;9.537;0.075;2.103;6.181;1.405;14.608;11.481;2.706;14.702;10.951;-2.043;12.127;11.88;-2.135;9.871;12.998;-1.129;14.796;11.386;-2.043;12.127;11.88;0.264;14.668;11.544;-1.129;14.796;11.386;0.616;10.098;10.867;1.695;9.753;10.858;2.706;14.702;10.951;3.116;11.946;9.983;0.625;10.734;10.534;0.719;13.071;10.909;-0.46;9.75;10.789;-0.4;5.527;9.537;0.616;10.098;10.867;-0.46;9.75;10.789;0.719;13.071;10.909;0.817;15.197;10.675;1.695;9.753;10.858;1.714;5.906;13.002;3.116;11.946;9.983;3.227;9.49;9.825;0.817;15.197;10.675;1.044;16.033;12.173;1.714;5.906;13.002;1.497;1.073;13.323
0.717;10.139;11.563;0.726;10.776;11.23;-0.337;5.527;10.384;0.033;2.531;6.628;1.535;14.656;12.114;2.838;14.733;11.587;-1.891;12.165;12.388;-2.007;9.853;13.382;-0.998;14.859;12.01;-1.891;12.165;12.388;0.394;14.726;12.175;-0.998;14.859;12.01;0.717;10.139;11.563;1.796;9.795;11.55;2.838;14.733;11.587;3.232;11.96;10.663;0.726;10.776;11.23;0.836;13.119;11.561;-0.359;9.791;11.487;-0.337;5.527;10.384;0.717;10.139;11.563;-0.359;9.791;11.487;0.836;13.119;11.561;0.953;15.24;11.301;1.796;9.795;11.55;1.739;5.859;13.526;3.232;11.96;10.663;3.326;9.501;10.544;0.953;15.24;11.301;1.182;16.095;12.788;1.739;5.859;13.526;1.511;1.017;13.396
0.82;10.209;12.232;0.824;10.846;11.901;-0.24;5.521;11.421;0.004;2.895;7.388;1.647;14.731;12.743;2.957;14.792;12.231;-1.752;12.224;12.882;-1.896;9.857;13.73;-0.885;14.942;12.63;-1.752;12.224;12.882;0.506;14.809;12.799;-0.885;14.942;12.63;0.82;10.209;12.232;1.899;9.864;12.203;2.957;14.792;12.231;3.356;11.995;11.383;0.824;10.846;11.901;0.941;13.193;12.198;-0.257;9.861;12.171;-0.24;5.521;11.421;0.82;10.209;12.232;-0.257;9.861;12.171;0.941;13.193;12.198;1.072;15.312;11.923;1.899;9.864;12.203;1.783;5.817;13.939;3.356;11.995;11.383;3.439;9.533;11.339;1.072;15.312;11.923;1.303;16.178;13.403;1.783;5.817;13.939;1.507;1.006;13.403
0.911;10.314;12.844;0.911;10.952;12.515;-0.172;5.57;12.533;-0.042;3.127;8.381;1.734;14.836;13.346;3.056;14.884;12.864;-1.627;12.308;13.324;-1.794;9.894;14.022;-0.796;15.046;13.203;-1.627;12.308;13.324;0.593;14.919;13.387;-0.796;15.046;13.203;0.911;10.314;12.844;1.99;9.969;12.8;3.056;14.884;12.864;3.478;12.058;12.133;0.911;10.952;12.515;1.029;13.301;12.795;-0.167;9.967;12.796;-0.172;5.57;12.533;0.911;10.314;12.844;-0.167;9.967;12.796;1.029;13.301;12.795;1.173;15.419;12.518;1.99;9.969;12.8;1.843;5.81;14.243;3.478;12.058;12.133;3.555;9.596;12.206;1.173;15.419;12.518;1.397;16.286;13.998;1.843;5.81;14.243;1.514;1.047;13.395
1.012;10.433;13.417;1.006;11.073;13.089;-0.042;5.694;13.706;-0.005;3.077;9.66;1.808;14.96;13.927;3.144;15.004;13.485;-1.523;12.41;13.728;-1.716;9.963;14.293;-0.72;15.159;13.734;-1.523;12.41;13.728;0.666;15.041;13.945;-0.72;15.159;13.734;1.012;10.433;13.417;2.089;10.088;13.352;3.144;15.004;13.485;3.609;12.15;12.903;1.006;11.073;13.089;1.116;13.423;13.362;-0.067;10.087;13.386;-0.042;5.694;13.706;1.012;10.433;13.417;-0.067;10.087;13.386;1.116;13.423;13.362;1.262;15.541;13.087;2.089;10.088;13.352;1.927;5.824;14.442;3.609;12.15;12.903;3.683;9.699;13.132;1.262;15.541;13.087;1.469;16.405;14.572;1.927;5.824;14.442;1.527;1.113;13.365
1.098;10.544;13.956;1.087;11.185;13.631;0.09;5.884;14.83;0.089;2.812;11.116;1.874;15.071;14.491;3.221;15.128;14.086;-1.441;12.513;14.116;-1.667;10.042;14.552;-0.65;15.263;14.25;-1.441;12.513;14.116;0.732;15.148;14.49;-0.65;15.263;14.25;1.098;10.544;13.956;2.174;10.199;13.871;3.221;15.128;14.086;3.742;12.256;13.657;1.087;11.185;13.631;1.198;13.535;13.907;0.019;10.198;13.943;0.09;5.884;14.83;1.098;10.544;13.956;0.019;10.198;13.943;1.198;13.535;13.907;1.34;15.655;13.644;2.174;10.199;13.871;1.994;5.859;14.604;3.742;12.256;13.657;3.815;9.827;14.062;1.34;15.655;13.644;1.527;16.509;15.138;1.994;5.859;14.604;1.521;1.198;13.355
1.171;10.617;14.475;1.154;11.259;14.154;0.207;6.089;15.862;0.203;2.411;12.748;1.936;15.143;15.045;3.291;15.221;14.672;-1.371;12.583;14.496;-1.63;10.096;14.796;-0.585;15.324;14.767;-1.371;12.583;14.496;0.793;15.213;15.031;-0.585;15.324;14.767;1.171;10.617;14.475;2.245;10.272;14.367;3.291;15.221;14.672;3.872;12.341;14.412;1.154;11.259;14.154;1.277;13.607;14.443;0.092;10.271;14.484;0.207;6.089;15.862;1.171;10.617;14.475;0.092;10.271;14.484;1.277;13.607;14.443;1.409;15.729;14.197;2.245;10.272;14.367;2.052;5.888;14.747;3.872;12.341;14.412;3.934;9.956;15.026;1.409;15.729;14.197;1.577;16.57;15.7;2.052;5.888;14.747;1.507;1.277;13.347
1.244;10.622;14.997;1.221;11.266;14.678;0.292;6.224;16.746;0.33;1.961;14.5;1.999;15.148;15.599;3.357;15.253;15.244;-1.312;12.592;14.916;-1.61;10.097;15.086;-0.52;15.317;15.306;-1.312;12.592;14.916;0.856;15.208;15.58;-0.52;15.317;15.306;1.244;10.622;14.997;2.316;10.277;14.866;3.357;15.253;15.244;3.998;12.375;15.161;1.221;11.266;14.678;1.356;13.611;14.983;0.165;10.277;15.025;0.292;6.224;16.746;1.244;10.622;14.997;0.165;10.277;15.025;1.356;13.611;14.983;1.471;15.736;14.752;2.316;10.277;14.866;2.106;5.878;14.921;3.998;12.375;15.161;4.038;10.062;16.007;1.471;15.736;14.752;1.625;16.568;16.261;2.106;5.878;14.921;1.498;1.33;13.352
1.319;10.556;15.529;1.292;11.2;15.212;0.363;6.271;17.535;0.524;1.586;16.418;2.064;15.082;16.16;3.423;15.216;15.816;-1.254;12.532;15.374;-1.594;10.036;15.418;-0.456;15.238;15.866;-1.254;12.532;15.374;0.921;15.132;16.14;-0.456;15.238;15.866;1.319;10.556;15.529;2.389;10.211;15.386;3.423;15.216;15.816;4.121;12.352;15.908;1.292;11.2;15.212;1.435;13.542;15.535;0.24;10.211;15.569;0.363;6.271;17.535;1.319;10.556;15.529;0.24;10.211;15.569;1.435;13.542;15.535;1.531;15.67;15.316;2.389;10.211;15.386;2.15;5.819;15.146;4.121;12.352;15.908;4.132;10.137;16.987;1.531;15.67;15.316;1.672;16.499;16.828;2.15;5.819;15.146;1.49;1.359;13.361
1.383;10.438;16.08;1.355;11.083;15.764;0.418;6.222;18.222;0.711;1.412;18.191;2.122;14.966;16.727;3.479;15.124;16.384;-1.2;12.421;15.863;-1.573;9.931;15.785;-0.4;15.109;16.446;-1.2;12.421;15.863;0.979;15.007;16.711;-0.4;15.109;16.446;1.383;10.438;16.08;2.452;10.093;15.931;3.479;15.124;16.384;4.231;12.283;16.636;1.355;11.083;15.764;1.503;13.423;16.098;0.305;10.093;16.125;0.418;6.222;18.222;1.383;10.438;16.08;0.305;10.093;16.125;1.503;13.423;16.098;1.583;15.552;15.887;2.452;10.093;15.931;2.184;5.725;15.428;4.231;12.283;16.636;4.209;10.187;17.93;1.583;15.552;15.887;1.715;16.38;17.4;2.184;5.725;15.428;1.488;1.389;13.373
1.435;10.288;16.667;1.405;10.933;16.352;0.516;6.144;18.939;0.957;1.441;19.893;2.17;14.818;17.318;3.522;14.998;16.969;-1.148;12.278;16.393;-1.545;9.798;16.203;-0.356;14.95;17.056;-1.148;12.278;16.393;1.026;14.852;17.307;-0.356;14.95;17.056;1.435;10.288;16.667;2.503;9.943;16.513;3.522;14.998;16.969;4.325;12.184;17.341;1.405;10.933;16.352;1.557;13.272;16.69;0.357;9.943;16.716;0.516;6.144;18.939;1.435;10.288;16.667;0.357;9.943;16.716;1.557;13.272;16.69;1.623;15.402;16.481;2.503;9.943;16.513;2.21;5.61;15.78;4.325;12.184;17.341;4.282;10.201;18.802;1.623;15.402;16.481;1.751;16.233;17.993;2.21;5.61;15.78;1.49;1.446;13.401
1.48;10.155;17.295;1.447;10.8;16.98;0.644;6.026;19.593;1.215;1.464;21.039;2.21;14.69;17.933;3.557;14.881;17.572;-1.122;12.154;17.008;-1.552;9.685;16.753;-0.319;14.814;17.702;-1.122;12.154;17.008;1.066;14.72;17.932;-0.319;14.814;17.702;1.48;10.155;17.295;2.547;9.81;17.131;3.557;14.881;17.572;4.396;12.088;18.017;1.447;10.8;16.98;1.597;13.14;17.316;0.402;9.81;17.352;0.644;6.026;19.593;1.48;10.155;17.295;0.402;9.81;17.352;1.597;13.14;17.316;1.654;15.269;17.099;2.547;9.81;17.131;2.24;5.513;16.213;4.396;12.088;18.017;4.347;10.19;19.587;1.654;15.269;17.099;1.784;16.107;18.608;2.24;5.513;16.213;1.509;1.586;13.464
1.536;10.092;17.983;1.499;10.739;17.671;0.768;5.914;20.2;1.377;1.302;21.458;2.242;14.638;18.594;3.586;14.833;18.224;-1.063;12.085;17.633;-1.486;9.622;17.316;-0.29;14.742;18.372;-1.063;12.085;17.633;1.098;14.662;18.597;-0.29;14.742;18.372;1.536;10.092;17.983;2.6;9.747;17.803;3.586;14.833;18.224;4.439;12.046;18.677;1.499;10.739;17.671;1.635;13.082;17.987;0.458;9.748;18.054;0.768;5.914;20.2;1.536;10.092;17.983;0.458;9.748;18.054;1.635;13.082;17.987;1.679;15.21;17.759;2.6;9.747;17.803;2.296;5.477;16.767;4.439;12.046;18.677;4.396;10.175;20.279;1.679;15.21;17.759;1.804;16.057;19.263;2.296;5.477;16.767;1.566;1.861;13.62
1.581;10.066;18.738;1.54;10.713;18.429;0.895;5.834;20.859;1.498;1.131;21.722;2.257;14.633;19.278;3.597;14.826;18.892;-1.015;12.052;18.314;-1.421;9.589;17.979;-0.276;14.715;19.065;-1.015;12.052;18.314;1.113;14.65;19.287;-0.276;14.715;19.065;1.581;10.066;18.738;2.642;9.721;18.541;3.597;14.826;18.892;4.451;12.032;19.295;1.54;10.713;18.429;1.656;13.063;18.701;0.505;9.721;18.826;0.895;5.834;20.859;1.581;10.066;18.738;0.505;9.721;18.826;1.656;13.063;18.701;1.687;15.187;18.436;2.642;9.721;18.541;2.354;5.454;17.487;4.451;12.032;19.295;4.437;10.131;20.862;1.687;15.187;18.436;1.809;16.059;19.926;2.354;5.454;17.487;1.641;2.254;13.914
1.63;10.11;19.491;1.591;10.757;19.181;0.952;5.806;21.46;1.473;1.032;21.867;2.271;14.694;19.965;3.608;14.884;19.569;-0.949;12.068;18.999;-1.312;9.598;18.662;-0.263;14.743;19.755;-0.949;12.068;18.999;1.127;14.702;19.977;-0.263;14.743;19.755;1.63;10.11;19.491;2.693;9.765;19.3;3.608;14.884;19.569;4.445;12.071;19.867;1.591;10.757;19.181;1.681;13.113;19.407;0.554;9.765;19.572;0.952;5.806;21.46;1.63;10.11;19.491;0.554;9.765;19.572;1.681;13.113;19.407;1.694;15.234;19.118;2.693;9.765;19.3;2.419;5.459;18.418;4.445;12.071;19.867;4.462;10.091;21.332;1.694;15.234;19.118;1.813;16.121;20.6;2.419;5.459;18.418;1.785;2.733;14.458
1.673;10.19;20.226;1.64;10.836;19.912;1.002;5.799;21.975;1.476;1.004;21.926;2.293;14.787;20.629;3.627;14.967;20.217;-0.899;12.109;19.741;-1.224;9.626;19.468;-0.244;14.807;20.444;-0.899;12.109;19.741;1.148;14.789;20.65;-0.244;14.807;20.444;1.673;10.19;20.226;2.74;9.846;20.061;3.627;14.967;20.217;4.424;12.132;20.386;1.64;10.836;19.912;1.708;13.197;20.093;0.595;9.846;20.284;1.002;5.799;21.975;1.673;10.19;20.226;0.595;9.846;20.284;1.708;13.197;20.093;1.706;15.315;19.781;2.74;9.846;20.061;2.51;5.473;19.582;4.424;12.132;20.386;4.468;10.055;21.711;1.706;15.315;19.781;1.825;16.21;21.257;2.51;5.473;19.582;2.021;3.1;15.382
1.713;10.298;20.903;1.685;10.942;20.586;1.039;5.815;22.401;1.462;1.035;21.959;2.33;14.899;21.259;3.655;15.065;20.813;-0.871;12.181;20.543;-1.17;9.686;20.38;-0.212;14.902;21.15;-0.871;12.181;20.543;1.186;14.897;21.31;-0.212;14.902;21.15;1.713;10.298;20.903;2.782;9.953;20.755;3.655;15.065;20.813;4.394;12.209;20.843;1.685;10.942;20.586;1.738;13.305;20.743;0.634;9.953;20.946;1.039;5.815;22.401;1.713;10.298;20.903;0.634;9.953;20.946;1.738;13.305;20.743;1.719;15.422;20.426;2.782;9.953;20.755;2.628;5.551;20.791;4.394;12.209;20.843;4.464;10.042;22.012;1.719;15.422;20.426;1.862;16.314;21.902;2.628;5.551;20.791;2.19;3.286;16.526
1.758;10.436;21.551;1.737;11.079;21.231;1.059;5.845;22.683;1.477;1.105;21.922;2.38;15.041;21.861;3.694;15.195;21.379;-0.833;12.293;21.362;-1.092;9.788;21.367;-0.165;15.039;21.83;-0.833;12.293;21.362;1.238;15.037;21.94;-0.165;15.039;21.83;1.758;10.436;21.551;2.83;10.09;21.428;3.694;15.195;21.379;4.372;12.327;21.265;1.737;11.079;21.231;1.777;13.443;21.369;0.679;10.09;21.572;1.059;5.845;22.683;1.758;10.436;21.551;0.679;10.09;21.572;1.777;13.443;21.369;1.747;15.558;21.04;2.83;10.09;21.428;2.799;5.743;22.135;4.372;12.327;21.265;4.462;10.079;22.269;1.747;15.558;21.04;1.913;16.448;22.515;2.799;5.743;22.135;2.437;3.137;18.062
1.8;10.546;22.177;1.785;11.188;21.854;1.057;5.874;22.933;1.465;1.184;21.904;2.429;15.153;22.456;3.731;15.304;21.943;-0.8;12.4;22.168;-1.012;9.898;22.364;-0.117;15.163;22.489;-0.8;12.4;22.168;1.289;15.15;22.561;-0.117;15.163;22.489;1.8;10.546;22.177;2.875;10.201;22.079;3.731;15.304;21.943;4.363;12.436;21.674;1.785;11.188;21.854;1.815;13.552;21.986;0.721;10.201;22.177;1.057;5.874;22.933;1.8;10.546;22.177;0.721;10.201;22.177;1.815;13.552;21.986;1.778;15.666;21.647;2.875;10.201;22.079;2.95;5.98;23.334;4.363;12.436;21.674;4.471;10.119;22.502;1.778;15.666;21.647;1.969;16.559;23.117;2.95;5.98;23.334;2.627;2.816;19.674
1.849;10.6;22.784;1.842;11.24;22.458;1.063;5.88;23.194;1.464;1.251;21.915;2.484;15.203;23.055;3.777;15.357;22.52;-0.778;12.477;22.957;-0.954;9.998;23.365;-0.061;15.245;23.124;-0.778;12.477;22.957;1.345;15.206;23.174;-0.061;15.245;23.124;1.849;10.6;22.784;2.926;10.255;22.712;3.777;15.357;22.52;4.371;12.501;22.085;1.842;11.24;22.458;1.857;13.605;22.596;0.771;10.254;22.761;1.063;5.88;23.194;1.849;10.6;22.784;0.771;10.254;22.761;1.857;13.605;22.596;1.826;15.717;22.252;2.926;10.255;22.712;3.095;6.19;24.401;4.371;12.501;22.085;4.497;10.125;22.723;1.826;15.717;22.252;2.037;16.613;23.718;3.095;6.19;24.401;2.823;2.343;21.462
1.905;10.574;23.365;1.903;11.213;23.036;1.084;5.831;23.426;1.479;1.289;21.867;2.54;15.171;23.66;3.828;15.332;23.113;-0.732;12.471;23.759;-0.833;10.046;24.434;-0.003;15.241;23.74;-0.732;12.471;23.759;1.403;15.178;23.784;-0.003;15.241;23.74;1.905;10.574;23.365;2.983;10.229;23.315;3.828;15.332;23.113;4.405;12.5;22.521;1.903;11.213;23.036;1.905;13.576;23.201;0.827;10.227;23.323;1.084;5.831;23.426;1.905;10.574;23.365;0.827;10.227;23.323;1.905;13.576;23.201;1.881;15.689;22.861;2.983;10.229;23.315;3.241;6.306;25.302;4.405;12.5;22.521;4.555;10.083;22.971;1.881;15.689;22.861;2.108;16.579;24.327;3.241;6.306;25.302;3.036;1.882;23.327
1.965;10.472;24.018;1.967;11.109;23.687;1.135;5.727;23.882;1.477;1.321;21.961;2.601;15.066;24.307;3.886;15.233;23.757;-0.666;12.399;24.545;-0.691;10.055;25.467;0.059;15.164;24.366;-0.666;12.399;24.545;1.463;15.08;24.426;0.059;15.164;24.366;1.965;10.472;24.018;3.043;10.127;23.982;3.886;15.233;23.757;4.454;12.436;23.01;1.967;11.109;23.687;1.959;13.472;23.855;0.887;10.124;23.964;1.135;5.727;23.882;1.965;10.472;24.018;0.887;10.124;23.964;1.959;13.472;23.855;1.948;15.584;23.502;3.043;10.127;23.982;3.383;6.336;26.199;4.454;12.436;23.01;4.632;9.992;23.257;1.948;15.584;23.502;2.176;16.479;24.966;3.383;6.336;26.199;3.27;1.578;25.27
2.042;10.344;24.654;2.048;10.981;24.322;1.2;5.606;24.325;1.486;1.391;22.006;2.692;14.937;24.934;3.976;15.098;24.381;-0.59;12.321;25.313;-0.565;10.077;26.458;0.151;15.067;24.978;-0.59;12.321;25.313;1.553;14.96;25.049;0.151;15.067;24.978;2.042;10.344;24.654;3.122;10.0;24.632;3.976;15.098;24.381;4.519;12.333;23.511;2.048;10.981;24.322;2.038;13.344;24.493;0.966;9.997;24.588;1.2;5.606;24.325;2.042;10.344;24.654;0.966;9.997;24.588;2.038;13.344;24.493;2.045;15.452;24.123;3.122;10.0;24.632;3.529;6.373;27.099;4.519;12.333;23.511;4.707;9.877;23.577;2.045;15.452;24.123;2.274;16.366;25.575;3.529;6.373;27.099;3.54;1.524;27.072
2.129;10.225;25.299;2.135;10.862;24.966;1.279;5.494;24.871;1.486;1.489;22.198;2.79;14.816;25.579;4.077;14.971;25.03;-0.497;12.239;26.06;-0.438;10.087;27.368;0.252;14.967;25.61;-0.497;12.239;26.06;1.652;14.847;25.692;0.252;14.967;25.61;2.129;10.225;25.299;3.208;9.881;25.278;4.077;14.971;25.03;4.606;12.227;24.085;2.135;10.862;24.966;2.129;13.224;25.147;1.052;9.878;25.231;1.279;5.494;24.871;2.129;10.225;25.299;1.052;9.878;25.231;2.129;13.224;25.147;2.148;15.33;24.764;3.208;9.881;25.278;3.563;6.344;27.879;4.606;12.227;24.085;4.803;9.772;24.018;2.148;15.33;24.764;2.378;16.255;26.208;3.563;6.344;27.879;3.533;1.527;28.436
2.233;10.143;25.993;2.239;10.779;25.66;1.352;5.418;25.471;1.451;1.701;22.405;2.913;14.735;26.248;4.205;14.874;25.706;-0.379;12.187;26.767;-0.311;10.1;28.176;0.376;14.902;26.255;-0.379;12.187;26.767;1.774;14.774;26.356;0.376;14.902;26.255;2.233;10.143;25.993;3.312;9.798;25.972;4.205;14.874;25.706;4.707;12.141;24.719;2.239;10.779;25.66;2.244;13.142;25.832;1.157;9.795;25.925;1.352;5.418;25.471;2.233;10.143;25.993;1.157;9.795;25.925;2.244;13.142;25.832;2.277;15.243;25.425;3.312;9.798;25.972;3.548;6.213;28.52;4.707;12.141;24.719;4.895;9.69;24.558;2.277;15.243;25.425;2.5;16.186;26.859;3.548;6.213;28.52;3.421;1.391;29.017
2.348;10.076;26.767;2.357;10.713;26.433;1.425;5.359;26.151;1.46;2.022;22.675;3.045;14.678;26.937;4.337;14.805;26.392;-0.248;12.148;27.45;-0.197;10.091;28.904;0.511;14.858;26.915;-0.248;12.148;27.45;1.906;14.724;27.039;0.511;14.858;26.915;2.348;10.076;26.767;3.428;9.732;26.757;4.337;14.805;26.392;4.83;12.064;25.422;2.357;10.713;26.433;2.372;13.078;26.557;1.272;9.728;26.69;1.425;5.359;26.151;2.348;10.076;26.767;1.272;9.728;26.69;2.372;13.078;26.557;2.415;15.169;26.099;3.428;9.732;26.757;3.539;6.083;29.222;4.83;12.064;25.422;5.015;9.613;25.255;2.415;15.169;26.099;2.628;16.141;27.514;3.539;6.083;29.222;3.338;1.246;29.488
2.469;10.097;27.549;2.479;10.733;27.214;1.459;5.377;26.937;1.448;2.496;23.074;3.188;14.706;27.635;4.482;14.812;27.09;-0.095;12.176;28.086;-0.077;10.098;29.509;0.655;14.894;27.584;-0.095;12.176;28.086;2.049;14.76;27.73;0.655;14.894;27.584;2.469;10.097;27.549;3.548;9.753;27.544;4.482;14.812;27.09;4.971;12.045;26.193;2.479;10.733;27.214;2.508;13.101;27.288;1.393;9.749;27.467;1.459;5.377;26.937;2.469;10.097;27.549;1.393;9.749;27.467;2.508;13.101;27.288;2.565;15.18;26.782;3.548;9.753;27.544;3.57;5.981;29.818;4.971;12.045;26.193;5.148;9.59;26.095;2.565;15.18;26.782;2.769;16.176;28.182;3.57;5.981;29.818;3.333;1.141;29.626
2.575;10.158;28.256;2.583;10.794;27.923;1.497;5.425;27.761;1.42;3.034;23.578;3.31;14.767;28.303;4.603;14.855;27.753;0.048;12.224;28.682;0.042;10.09;30.021;0.778;14.959;28.246;0.048;12.224;28.682;2.171;14.827;28.399;0.778;14.959;28.246;2.575;10.158;28.256;3.654;9.813;28.242;4.603;14.855;27.753;5.1;12.057;26.961;2.583;10.794;27.923;2.622;13.162;27.973;1.499;9.81;28.183;1.497;5.425;27.761;2.575;10.158;28.256;1.499;9.81;28.183;2.622;13.162;27.973;2.688;15.236;27.446;3.654;9.813;28.242;3.603;5.91;30.282;5.1;12.057;26.961;5.273;9.6;26.983;2.688;15.236;27.446;2.893;16.233;28.845;3.603;5.91;30.282;3.316;1.108;29.671
2.675;10.257;28.915;2.681;10.894;28.583;1.599;5.505;28.814;1.521;3.32;24.52;3.414;14.869;28.928;4.709;14.938;28.381;0.186;12.3;29.228;0.163;10.1;30.454;0.881;15.055;28.867;0.186;12.3;29.228;2.275;14.933;29.021;0.881;15.055;28.867;2.675;10.257;28.915;3.755;9.912;28.891;4.709;14.938;28.381;5.234;12.103;27.758;2.681;10.894;28.583;2.723;13.262;28.614;1.599;9.909;28.85;1.599;5.505;28.814;2.675;10.257;28.915;1.599;9.909;28.85;2.723;13.262;28.614;2.793;15.33;28.065;3.755;9.912;28.891;3.645;5.872;30.641;5.234;12.103;27.758;5.409;9.655;27.965;2.793;15.33;28.065;2.999;16.334;29.46;3.645;5.872;30.641;3.319;1.13;29.677
2.77;10.407;29.534;2.772;11.045;29.203;1.736;5.694;30.063;1.639;3.244;25.914;3.5;15.023;29.549;4.807;15.08;29.029;0.316;12.416;29.714;0.277;10.149;30.81;0.967;15.193;29.452;0.316;12.416;29.714;2.36;15.085;29.626;0.967;15.193;29.452;2.77;10.407;29.534;3.849;10.063;29.496;4.807;15.08;29.029;5.372;12.216;28.606;2.772;11.045;29.203;2.817;13.413;29.23;1.693;10.06;29.481;1.736;5.694;30.063;2.77;10.407;29.534;1.693;10.06;29.481;2.817;13.413;29.23;2.892;15.48;28.676;3.849;10.063;29.496;3.695;5.893;30.907;5.372;12.216;28.606;5.536;9.795;29.029;2.892;15.48;28.676;3.08;16.476;30.078;3.695;5.893;30.907;3.323;1.223;29.658
2.863;10.544;30.098;2.859;11.183;29.77;1.899;5.94;31.19;1.799;3.006;27.369;3.575;15.162;30.145;4.899;15.223;29.672;0.417;12.53;30.145;0.343;10.209;31.12;1.044;15.32;29.985;0.417;12.53;30.145;2.433;15.219;30.195;1.044;15.32;29.985;2.863;10.544;30.098;3.94;10.199;30.04;4.899;15.223;29.672;5.509;12.344;29.463;2.859;11.183;29.77;2.906;13.55;29.808;1.784;10.197;30.063;1.899;5.94;31.19;2.863;10.544;30.098;1.784;10.197;30.063;2.906;13.55;29.808;2.985;15.618;29.258;3.94;10.199;30.04;3.761;5.927;31.1;5.509;12.344;29.463;5.645;9.971;30.109;2.985;15.618;29.258;3.14;16.599;30.675;3.761;5.927;31.1;3.337;1.324;29.636
2.959;10.615;30.653;2.945;11.257;30.329;2.098;6.147;32.184;1.955;2.639;28.884;3.651;15.239;30.749;4.994;15.314;30.337;0.504;12.595;30.553;0.377;10.225;31.395;1.127;15.391;30.514;0.504;12.595;30.553;2.507;15.288;30.769;1.127;15.391;30.514;2.959;10.615;30.653;4.034;10.27;30.559;4.994;15.314;30.337;5.651;12.439;30.359;2.945;11.257;30.329;3.001;13.624;30.39;1.88;10.27;30.649;2.098;6.147;32.184;2.959;10.615;30.653;1.88;10.27;30.649;3.001;13.624;30.39;3.082;15.694;29.849;4.034;10.27;30.559;3.832;5.927;31.262;5.651;12.439;30.359;5.741;10.136;31.23;3.082;15.694;29.849;3.195;16.662;31.278;3.832;5.927;31.262;3.329;1.392;29.621
3.033;10.626;31.22;3.013;11.268;30.899;2.207;6.298;33.101;2.112;2.166;30.623;3.717;15.254;31.337;5.067;15.345;30.947;0.57;12.608;30.982;0.387;10.193;31.676;1.199;15.401;31.06;0.57;12.608;30.982;2.574;15.297;31.344;1.199;15.401;31.06;3.033;10.626;31.22;4.106;10.28;31.102;5.067;15.345;30.947;5.772;12.494;31.219;3.013;11.268;30.899;3.082;13.635;30.974;1.954;10.28;31.237;2.207;6.298;33.101;3.033;10.626;31.22;1.954;10.28;31.237;3.082;13.635;30.974;3.156;15.704;30.429;4.106;10.28;31.102;3.898;5.896;31.466;5.772;12.494;31.219;5.816;10.311;32.359;3.156;15.704;30.429;3.244;16.667;31.864;3.898;5.896;31.466;3.366;1.427;29.659
3.116;10.584;31.795;3.093;11.227;31.476;2.264;6.35;33.878;2.274;1.77;32.379;3.792;15.215;31.952;5.148;15.323;31.589;0.647;12.569;31.413;0.404;10.114;31.92;1.279;15.354;31.632;0.647;12.569;31.413;2.648;15.249;31.944;1.279;15.354;31.632;3.116;10.584;31.795;4.188;10.239;31.667;5.148;15.323;31.589;5.892;12.512;32.079;3.093;11.227;31.476;3.173;13.592;31.573;2.037;10.239;31.822;2.264;6.35;33.878;3.116;10.584;31.795;2.037;10.239;31.822;3.173;13.592;31.573;3.24;15.664;31.039;4.188;10.239;31.667;3.948;5.841;31.727;5.892;12.512;32.079;5.872;10.462;33.446;3.24;15.664;31.039;3.294;16.621;32.479;3.948;5.841;31.727;3.393;1.474;29.692
3.189;10.447;32.359;3.158;11.092;32.044;2.382;6.345;34.697;2.485;1.545;34.287;3.854;15.083;32.534;5.202;15.207;32.149;0.726;12.433;31.882;0.457;9.946;32.172;1.338;15.208;32.241;0.726;12.433;31.882;2.709;15.107;32.542;1.338;15.208;32.241;3.189;10.447;32.359;4.257;10.102;32.198;5.202;15.207;32.149;5.988;12.449;32.839;3.158;11.092;32.044;3.244;13.456;32.159;2.111;10.102;32.414;2.382;6.345;34.697;3.189;10.447;32.359;2.111;10.102;32.414;3.244;13.456;32.159;3.285;15.53;31.63;4.257;10.102;32.198;4.002;5.71;31.969;5.988;12.449;32.839;5.932;10.563;34.423;3.285;15.53;31.63;3.341;16.484;33.072;4.002;5.71;31.969;3.377;1.471;29.7
3.224;10.331;32.947;3.189;10.977;32.635;2.461;6.361;35.495;2.724;1.563;35.864;3.898;14.966;33.147;5.24;15.098;32.743;0.779;12.324;32.415;0.478;9.825;32.524;1.38;15.086;32.875;0.779;12.324;32.415;2.754;14.988;33.165;1.38;15.086;32.875;3.224;10.331;32.947;4.289;9.986;32.773;5.24;15.098;32.743;6.057;12.388;33.574;3.189;10.977;32.635;3.289;13.34;32.77;2.147;9.987;33.014;2.461;6.361;35.495;3.224;10.331;32.947;2.147;9.987;33.014;3.289;13.34;32.77;3.319;15.416;32.25;4.289;9.986;32.773;4.028;5.616;32.291;6.057;12.388;33.574;5.978;10.635;35.303;3.319;15.416;32.25;3.377;16.364;33.696;4.028;5.616;32.291;3.375;1.543;29.742
3.276;10.206;33.561;3.238;10.853;33.25;2.564;6.291;36.192;2.947;1.552;36.978;3.937;14.844;33.773;5.272;14.982;33.349;0.83;12.195;33.009;0.509;9.697;32.981;1.415;14.95;33.529;0.83;12.195;33.009;2.793;14.858;33.803;1.415;14.95;33.529;3.276;10.206;33.561;4.339;9.862;33.375;5.272;14.982;33.349;6.111;12.308;34.27;3.238;10.853;33.25;3.334;13.215;33.398;2.199;9.862;33.638;2.564;6.291;36.192;3.276;10.206;33.561;2.199;9.862;33.638;3.334;13.215;33.398;3.347;15.293;32.883;4.339;9.862;33.375;4.067;5.52;32.683;6.111;12.308;34.27;6.026;10.646;36.087;3.347;15.293;32.883;3.407;16.237;34.332;4.067;5.52;32.683;3.382;1.67;29.816
3.315;10.131;34.235;3.272;10.778;33.927;2.686;6.148;36.769;3.117;1.381;37.334;3.959;14.774;34.434;5.287;14.913;33.988;0.89;12.112;33.63;0.574;9.617;33.482;1.435;14.864;34.209;0.89;12.112;33.63;2.815;14.782;34.474;1.435;14.864;34.209;3.315;10.131;34.235;4.375;9.786;34.033;5.287;14.913;33.988;6.134;12.248;34.928;3.272;10.778;33.927;3.361;13.141;34.067;2.239;9.786;34.327;2.686;6.148;36.769;3.315;10.131;34.235;2.239;9.786;34.327;3.361;13.141;34.067;3.358;15.218;33.548;4.375;9.786;34.033;4.109;5.469;33.2;6.134;12.248;34.928;6.066;10.605;36.762;3.358;15.218;33.548;3.424;16.164;34.996;4.109;5.469;33.2;3.4;1.919;29.973
3.351;10.123;34.973;3.305;10.772;34.666;2.814;6.042;37.345;3.266;1.248;37.532;3.97;14.773;35.147;5.291;14.914;34.681;0.935;12.096;34.333;0.633;9.603;34.127;1.445;14.849;34.935;0.935;12.096;34.333;2.826;14.776;35.194;1.445;14.849;34.935;3.351;10.123;34.973;4.409;9.779;34.757;5.291;14.914;34.681;6.131;12.225;35.557;3.305;10.772;34.666;3.378;13.136;34.789;2.276;9.779;35.076;2.814;6.042;37.345;3.351;10.123;34.973;2.276;9.779;35.076;3.378;13.136;34.789;3.362;15.211;34.264;4.409;9.779;34.757;4.126;5.475;33.864;6.131;12.225;35.557;6.103;10.515;37.33;3.362;15.211;34.264;3.427;16.156;35.713;4.126;5.475;33.864;3.365;2.387;30.203
3.387;10.141;35.664;3.341;10.789;35.358;2.868;5.953;37.845;3.273;1.155;37.639;3.986;14.801;35.773;5.302;14.929;35.291;0.971;12.101;35.034;0.686;9.604;34.868;1.458;14.871;35.577;0.971;12.101;35.034;2.842;14.801;35.826;1.458;14.871;35.577;3.387;10.141;35.664;4.445;9.797;35.45;5.302;14.929;35.291;6.111;12.211;36.102;3.341;10.789;35.358;3.397;13.155;35.448;2.312;9.796;35.766;2.868;5.953;37.845;3.387;10.141;35.664;2.312;9.796;35.766;3.397;13.155;35.448;3.372;15.22;34.885;4.445;9.797;35.45;4.222;5.464;34.691;6.111;12.211;36.102;6.13;10.402;37.773;3.372;15.22;34.885;3.431;16.19;36.317;4.222;5.464;34.691;3.524;2.686;30.778
3.405;10.234;36.382;3.366;10.881;36.072;2.884;5.941;38.334;3.268;1.169;37.785;4.005;14.898;36.421;5.317;15.012;35.923;1.0;12.176;35.806;0.733;9.673;35.714;1.474;14.964;36.259;1.0;12.176;35.806;2.862;14.899;36.485;1.474;14.964;36.259;3.405;10.234;36.382;4.468;9.89;36.191;5.317;15.012;35.923;6.071;12.243;36.601;3.366;10.881;36.072;3.414;13.249;36.121;2.329;9.89;36.464;2.884;5.941;38.334;3.405;10.234;36.382;2.329;9.89;36.464;3.414;13.249;36.121;3.382;15.308;35.535;4.468;9.89;36.191;4.354;5.501;35.835;6.071;12.243;36.601;6.136;10.287;38.097;3.382;15.308;35.535;3.448;16.277;36.967;4.354;5.501;35.835;3.812;2.928;31.761
3.418;10.34;37.012;3.381;10.987;36.7;2.885;5.912;38.644;3.256;1.188;37.767;4.04;15.0;37.029;5.342;15.1;36.504;1.009;12.284;36.573;0.733;9.78;36.555;1.505;15.082;36.935;1.009;12.284;36.573;2.899;15.007;37.118;1.505;15.082;36.935;3.418;10.34;37.012;4.483;9.996;36.83;5.342;15.1;36.504;6.034;12.282;37.034;3.381;10.987;36.7;3.433;13.354;36.741;2.341;9.996;37.085;2.885;5.912;38.644;3.418;10.34;37.012;2.341;9.996;37.085;3.433;13.354;36.741;3.4;15.413;36.157;4.483;9.996;36.83;4.375;5.593;36.909;6.034;12.282;37.034;6.144;10.187;38.325;3.4;15.413;36.157;3.494;16.366;37.598;4.375;5.593;36.909;3.797;3.13;32.772
3.45;10.477;37.63;3.418;11.122;37.315;2.868;5.925;38.889;3.254;1.253;37.77;4.084;15.135;37.625;5.373;15.227;37.067;1.049;12.409;37.387;0.796;9.907;37.52;1.547;15.222;37.596;1.049;12.409;37.387;2.945;15.145;37.739;1.547;15.222;37.596;3.45;10.477;37.63;4.517;10.132;37.469;5.373;15.227;37.067;6.005;12.367;37.417;3.418;11.122;37.315;3.467;13.49;37.354;2.372;10.132;37.685;2.868;5.925;38.889;3.45;10.477;37.63;2.372;10.132;37.685;3.467;13.49;37.354;3.427;15.548;36.766;4.517;10.132;37.469;4.482;5.769;38.073;6.005;12.367;37.417;6.159;10.144;38.468;3.427;15.548;36.766;3.549;16.49;38.212;4.482;5.769;38.073;3.975;3.077;34.072
3.48;10.61;38.162;3.456;11.254;37.843;2.831;5.963;39.032;3.258;1.334;37.761;4.133;15.26;38.183;5.41;15.35;37.598;1.088;12.547;38.178;0.866;10.06;38.505;1.596;15.366;38.207;1.088;12.547;38.178;2.996;15.276;38.315;1.596;15.366;38.207;3.48;10.61;38.162;4.551;10.265;38.029;5.41;15.35;37.598;5.986;12.461;37.762;3.456;11.254;37.843;3.503;13.621;37.911;2.401;10.265;38.191;2.831;5.963;39.032;3.48;10.61;38.162;2.401;10.265;38.191;3.503;13.621;37.911;3.464;15.683;37.338;4.551;10.265;38.029;4.57;6.001;39.135;5.986;12.461;37.762;6.17;10.139;38.562;3.464;15.683;37.338;3.614;16.606;38.794;4.57;6.001;39.135;4.157;2.84;35.481
3.513;10.69;38.7;3.498;11.332;38.377;2.796;5.978;39.156;3.272;1.394;37.748;4.187;15.328;38.777;5.457;15.423;38.177;1.128;12.651;38.884;0.928;10.18;39.334;1.651;15.466;38.816;1.128;12.651;38.884;3.051;15.351;38.915;1.651;15.466;38.816;3.513;10.69;38.7;4.588;10.345;38.597;5.457;15.423;38.177;5.986;12.522;38.133;3.498;11.332;38.377;3.542;13.698;38.485;2.434;10.345;38.703;2.796;5.978;39.156;3.513;10.69;38.7;2.434;10.345;38.703;3.542;13.698;38.485;3.518;15.768;37.941;4.588;10.345;38.597;4.673;6.214;40.125;5.986;12.522;38.133;6.192;10.125;38.663;3.518;15.768;37.941;3.686;16.674;39.405;4.673;6.214;40.125;4.349;2.378;37.178
3.538;10.679;39.213;3.531;11.319;38.886;2.77;5.94;39.293;3.309;1.4;37.771;4.233;15.304;39.35;5.505;15.409;38.755;1.156;12.678;39.635;1.015;10.273;40.369;1.701;15.476;39.356;1.156;12.678;39.635;3.096;15.336;39.476;1.701;15.476;39.356;3.538;10.679;39.213;4.615;10.333;39.141;5.505;15.409;38.755;5.993;12.51;38.512;3.531;11.319;38.886;3.577;13.682;39.039;2.46;10.333;39.189;2.77;5.94;39.293;3.538;10.679;39.213;2.46;10.333;39.189;3.577;13.682;39.039;3.577;15.756;38.51;4.615;10.333;39.141;4.782;6.35;41.013;5.993;12.51;38.512;6.212;10.07;38.77;3.577;15.756;38.51;3.75;16.654;39.979;4.782;6.35;41.013;4.567;1.881;39.143
3.588;10.594;39.738;3.588;11.233;39.408;2.792;5.86;39.429;3.386;1.39;37.73;4.295;15.208;39.938;5.57;15.321;39.353;1.184;12.647;40.366;1.101;10.34;41.375;1.766;15.413;39.902;1.184;12.647;40.366;3.156;15.247;40.049;1.766;15.413;39.902;3.588;10.594;39.738;4.667;10.249;39.691;5.57;15.321;39.353;6.024;12.438;38.928;3.588;11.233;39.408;3.631;13.593;39.604;2.51;10.248;39.692;2.792;5.86;39.429;3.588;10.594;39.738;2.51;10.248;39.692;3.631;13.593;39.604;3.653;15.672;39.093;4.667;10.249;39.691;4.904;6.359;41.743;6.024;12.438;38.928;6.254;9.985;38.937;3.653;15.672;39.093;3.825;16.564;40.565;4.904;6.359;41.743;4.778;1.574;40.964
3.651;10.468;40.306;3.653;11.106;39.976;2.824;5.755;39.732;3.414;1.401;37.754;4.363;15.074;40.549;5.638;15.197;39.966;1.234;12.565;41.147;1.22;10.384;42.407;1.837;15.289;40.5;1.234;12.565;41.147;3.225;15.116;40.658;1.837;15.289;40.5;3.651;10.468;40.306;4.729;10.123;40.267;5.638;15.197;39.966;6.062;12.338;39.376;3.653;11.106;39.976;3.696;13.463;40.205;2.573;10.121;40.254;2.824;5.755;39.732;3.651;10.468;40.306;2.573;10.121;40.254;3.696;13.463;40.205;3.725;15.545;39.706;4.729;10.123;40.267;5.01;6.303;42.442;6.062;12.338;39.376;6.305;9.896;39.159;3.725;15.545;39.706;3.909;16.437;41.177;5.01;6.303;42.442;4.907;1.459;42.639
3.723;10.367;40.892;3.724;11.005;40.562;2.84;5.671;40.177;3.366;1.487;37.844;4.451;14.964;41.173;5.729;15.087;40.596;1.296;12.501;41.833;1.313;10.408;43.235;1.928;15.196;41.1;1.296;12.501;41.833;3.313;15.012;41.277;1.928;15.196;41.1;3.723;10.367;40.892;4.801;10.022;40.851;5.729;15.087;40.596;6.129;12.25;39.892;3.724;11.005;40.562;3.777;13.36;40.813;2.645;10.021;40.842;2.84;5.671;40.177;3.723;10.367;40.892;2.645;10.021;40.842;3.777;13.36;40.813;3.82;15.445;40.33;4.801;10.022;40.851;5.053;6.264;43.135;6.129;12.25;39.892;6.377;9.829;39.51;3.82;15.445;40.33;4.013;16.328;41.806;5.053;6.264;43.135;4.905;1.504;44.051
3.814;10.279;41.499;3.814;10.918;41.169;2.865;5.601;40.662;3.325;1.644;37.951;4.56;14.87;41.793;5.841;14.987;41.22;1.376;12.442;42.472;1.398;10.404;43.951;2.04;15.119;41.7;1.376;12.442;42.472;3.421;14.924;41.892;2.04;15.119;41.7;3.814;10.279;41.499;4.892;9.934;41.457;5.841;14.987;41.22;6.212;12.166;40.443;3.814;10.918;41.169;3.877;13.272;41.423;2.736;9.933;41.449;2.865;5.601;40.662;3.814;10.279;41.499;2.736;9.933;41.449;3.877;13.272;41.423;3.934;15.359;40.949;4.892;9.934;41.457;5.038;6.139;43.688;6.212;12.166;40.443;6.453;9.763;39.957;3.934;15.359;40.949;4.134;16.236;42.427;5.038;6.139;43.688;4.77;1.422;44.779
3.931;10.239;42.163;3.935;10.876;41.832;2.924;5.58;41.208;3.368;1.951;38.069;4.693;14.831;42.418;5.974;14.933;41.844;1.487;12.422;43.08;1.485;10.39;44.569;2.176;15.094;42.311;1.487;12.422;43.08;3.554;14.89;42.515;2.176;15.094;42.311;3.931;10.239;42.163;5.01;9.894;42.131;5.974;14.933;41.844;6.311;12.111;41.055;3.935;10.876;41.832;4.004;13.233;42.056;2.854;9.892;42.105;2.924;5.58;41.208;3.931;10.239;42.163;2.854;9.892;42.105;4.004;13.233;42.056;4.07;15.317;41.57;5.01;9.894;42.131;5.054;6.021;44.228;6.311;12.111;41.055;6.526;9.709;40.553;4.07;15.317;41.57;4.273;16.198;43.046;5.054;6.021;44.228;4.709;1.25;45.028
4.054;10.226;42.89;4.058;10.864;42.559;2.979;5.556;41.992;3.373;2.351;38.414;4.829;14.825;43.071;6.115;14.909;42.506;1.619;12.409;43.669;1.58;10.337;45.101;2.313;15.093;42.947;1.619;12.409;43.669;3.69;14.89;43.162;2.313;15.093;42.947;4.054;10.226;42.89;5.133;9.881;42.859;6.115;14.909;42.506;6.442;12.075;41.754;4.058;10.864;42.559;4.134;13.225;42.727;2.977;9.88;42.831;2.979;5.556;41.992;4.054;10.226;42.89;2.977;9.88;42.831;4.134;13.225;42.727;4.212;15.302;42.214;5.133;9.881;42.859;5.114;5.942;44.829;6.442;12.075;41.754;6.64;9.662;41.3;4.212;15.302;42.214;4.415;16.198;43.681;5.114;5.942;44.829;4.747;1.123;45.221
4.159;10.253;43.591;4.161;10.891;43.261;3.054;5.547;42.907;3.398;2.801;38.962;4.933;14.857;43.7;6.226;14.923;43.147;1.744;12.408;44.202;1.673;10.256;45.508;2.416;15.12;43.572;1.744;12.408;44.202;3.794;14.926;43.786;2.416;15.12;43.572;4.159;10.253;43.591;5.238;9.908;43.553;6.226;14.923;43.147;6.562;12.073;42.466;4.161;10.891;43.261;4.236;13.256;43.371;3.082;9.906;43.539;3.054;5.547;42.907;4.159;10.253;43.591;3.082;9.906;43.539;4.236;13.256;43.371;4.321;15.327;42.836;5.238;9.908;43.553;5.169;5.903;45.387;6.562;12.073;42.466;6.748;9.641;42.118;4.321;15.327;42.836;4.53;16.234;44.295;5.169;5.903;45.387;4.788;1.069;45.338
4.26;10.311;44.202;4.258;10.949;43.873;3.14;5.569;43.881;3.386;3.137;39.727;5.02;14.915;44.294;6.322;14.963;43.76;1.861;12.428;44.691;1.767;10.185;45.833;2.5;15.172;44.176;1.861;12.428;44.691;3.881;14.986;44.378;2.5;15.172;44.176;4.26;10.311;44.202;5.338;9.965;44.149;6.322;14.963;43.76;6.68;12.089;43.202;4.258;10.949;43.873;4.321;13.316;43.959;3.182;9.964;44.162;3.14;5.569;43.881;4.26;10.311;44.202;3.182;9.964;44.162;4.321;13.316;43.959;4.411;15.388;43.43;5.338;9.965;44.149;5.226;5.882;45.797;6.68;12.089;43.202;6.851;9.637;43.029;4.411;15.388;43.43;4.632;16.29;44.89;5.226;5.882;45.797;4.826;1.071;45.346
4.375;10.426;44.766;4.367;11.066;44.439;3.343;5.679;44.929;3.488;3.261;40.763;5.104;15.032;44.869;6.426;15.063;44.387;1.984;12.499;45.106;1.862;10.178;46.075;2.582;15.273;44.717;1.984;12.499;45.106;3.963;15.1;44.931;2.582;15.273;44.717;4.375;10.426;44.766;5.452;10.08;44.693;6.426;15.063;44.387;6.84;12.165;44.031;4.367;11.066;44.439;4.415;13.433;44.516;3.296;10.08;44.743;3.343;5.679;44.929;4.375;10.426;44.766;3.296;10.08;44.743;4.415;13.433;44.516;4.511;15.507;43.995;5.452;10.08;44.693;5.299;5.908;46.097;6.84;12.165;44.031;7.001;9.708;44.114;4.511;15.507;43.995;4.718;16.4;45.463;5.299;5.908;46.097;4.855;1.146;45.295
4.471;10.565;45.311;4.457;11.207;44.988;3.513;5.885;46.082;3.541;3.093;42.154;5.174;15.175;45.427;6.512;15.205;44.993;2.1;12.598;45.507;1.967;10.215;46.312;2.651;15.397;45.245;2.1;12.598;45.507;4.032;15.238;45.471;2.651;15.397;45.245;4.471;10.565;45.311;5.546;10.22;45.214;6.512;15.205;44.993;7.003;12.3;44.852;4.457;11.207;44.988;4.497;13.574;45.057;3.392;10.22;45.31;3.513;5.885;46.082;4.471;10.565;45.311;3.392;10.22;45.31;4.497;13.574;45.057;4.592;15.651;44.545;5.546;10.22;45.214;5.371;5.964;46.335;7.003;12.3;44.852;7.157;9.868;45.214;4.592;15.651;44.545;4.791;16.528;46.024;5.371;5.964;46.335;4.869;1.255;45.292
4.545;10.674;45.801;4.522;11.317;45.482;3.647;6.106;47.068;3.661;2.749;43.611;5.228;15.285;45.955;6.577;15.328;45.556;2.183;12.678;45.853;2.032;10.239;46.463;2.705;15.493;45.756;2.183;12.678;45.853;4.085;15.341;45.989;2.705;15.493;45.756;4.545;10.674;45.801;5.616;10.328;45.674;6.577;15.328;45.556;7.116;12.428;45.591;4.522;11.317;45.482;4.565;13.684;45.561;3.466;10.329;45.827;3.647;6.106;47.068;4.545;10.674;45.801;3.466;10.329;45.827;4.565;13.684;45.561;4.651;15.766;45.073;5.616;10.328;45.674;5.429;6.0;46.47;7.116;12.428;45.591;7.22;10.049;46.22;4.651;15.766;45.073;4.845;16.627;46.562;5.429;6.0;46.47;4.852;1.342;45.254
4.641;10.736;46.28;4.612;11.381;45.964;3.74;6.31;47.977;3.844;2.256;45.374;5.294;15.35;46.481;6.65;15.419;46.109;2.267;12.72;46.206;2.092;10.241;46.617;2.77;15.539;46.276;2.267;12.72;46.206;4.151;15.392;46.51;2.77;15.539;46.276;4.641;10.736;46.28;5.71;10.391;46.126;6.65;15.419;46.109;7.257;12.541;46.326;4.612;11.381;45.964;4.652;13.747;46.064;3.563;10.391;46.328;3.74;6.31;47.977;4.641;10.736;46.28;3.563;10.391;46.328;4.652;13.747;46.064;4.716;15.836;45.602;5.71;10.391;46.126;5.494;6.018;46.613;7.257;12.541;46.326;7.31;10.252;47.236;4.716;15.836;45.602;4.901;16.678;47.103;5.494;6.018;46.613;4.833;1.413;45.245
4.722;10.731;46.725;4.692;11.376;46.41;3.75;6.41;48.668;4.077;1.833;47.197;5.356;15.342;47.002;6.72;15.434;46.667;2.332;12.708;46.559;2.12;10.208;46.786;2.832;15.52;46.777;2.332;12.708;46.559;4.212;15.374;47.018;2.832;15.52;46.777;4.722;10.731;46.725;5.79;10.386;46.57;6.72;15.434;46.667;7.395;12.597;47.112;4.692;11.376;46.41;4.733;13.74;46.553;3.644;10.386;46.775;3.75;6.41;48.668;4.722;10.731;46.725;3.644;10.386;46.775;4.733;13.74;46.553;4.784;15.836;46.124;5.79;10.386;46.57;5.542;5.993;46.786;7.395;12.597;47.112;7.377;10.453;48.325;4.784;15.836;46.124;4.949;16.658;47.638;5.542;5.993;46.786;4.833;1.451;45.246
4.806;10.645;47.198;4.776;11.29;46.882;3.815;6.385;49.264;4.315;1.6;48.981;5.425;15.254;47.531;6.791;15.368;47.211;2.391;12.633;46.952;2.134;10.128;46.995;2.901;15.428;47.311;2.391;12.633;46.952;4.281;15.275;47.544;2.901;15.428;47.311;4.806;10.645;47.198;5.874;10.3;47.041;6.791;15.368;47.211;7.518;12.58;47.842;4.776;11.29;46.882;4.817;13.651;47.061;3.728;10.3;47.248;3.815;6.385;49.264;4.806;10.645;47.198;3.728;10.3;47.248;4.817;13.651;47.061;4.853;15.754;46.658;5.874;10.3;47.041;5.59;5.905;47.016;7.518;12.58;47.842;7.421;10.601;49.305;4.853;15.754;46.658;5.008;16.563;48.18;5.59;5.905;47.016;4.833;1.451;45.254
4.859;10.518;47.74;4.827;11.163;47.425;3.943;6.315;49.914;4.588;1.604;50.697;5.478;15.129;48.081;6.841;15.262;47.753;2.434;12.534;47.392;2.136;10.036;47.259;2.953;15.307;47.883;2.434;12.534;47.392;4.334;15.144;48.101;2.953;15.307;47.883;4.859;10.518;47.74;5.926;10.173;47.578;6.841;15.262;47.753;7.612;12.522;48.527;4.827;11.163;47.425;4.876;13.524;47.613;3.781;10.173;47.795;3.943;6.315;49.914;4.859;10.518;47.74;3.781;10.173;47.795;4.876;13.524;47.613;4.898;15.627;47.211;5.926;10.173;47.578;5.617;5.786;47.325;7.612;12.522;48.527;7.455;10.71;50.189;4.898;15.627;47.211;5.055;16.44;48.731;5.617;5.786;47.325;4.822;1.466;45.273
4.902;10.387;48.306;4.869;11.032;47.992;4.093;6.219;50.538;4.853;1.674;51.948;5.519;15.002;48.634;6.879;15.145;48.298;2.473;12.429;47.867;2.145;9.946;47.599;2.993;15.183;48.455;2.473;12.429;47.867;4.375;15.013;48.66;2.993;15.183;48.455;4.902;10.387;48.306;5.969;10.042;48.138;6.879;15.145;48.298;7.68;12.442;49.167;4.869;11.032;47.992;4.92;13.394;48.173;3.825;10.042;48.367;4.093;6.219;50.538;4.902;10.387;48.306;3.825;10.042;48.367;4.92;13.394;48.173;4.933;15.495;47.766;5.969;10.042;48.138;5.638;5.671;47.7;7.68;12.442;49.167;7.482;10.765;50.96;4.933;15.495;47.766;5.092;16.317;49.281;5.638;5.671;47.7;4.805;1.524;45.329
4.948;10.276;48.941;4.912;10.923;48.629;4.231;6.099;51.15;5.088;1.59;52.621;5.556;14.897;49.238;6.913;15.043;48.894;2.516;12.338;48.424;2.176;9.869;48.065;3.028;15.079;49.078;2.516;12.338;48.424;4.412;14.906;49.269;3.028;15.079;49.078;4.948;10.276;48.941;6.013;9.932;48.764;6.913;15.043;48.894;7.726;12.352;49.788;4.912;10.923;48.629;4.96;13.285;48.787;3.871;9.932;49.01;4.231;6.099;51.15;4.948;10.276;48.941;3.871;9.932;49.01;4.96;13.285;48.787;4.964;15.385;48.371;6.013;9.932;48.764;5.682;5.58;48.17;7.726;12.352;49.788;7.519;10.739;51.639;4.964;15.385;48.371;5.125;16.218;49.879;5.682;5.58;48.17;4.835;1.688;45.404
4.977;10.241;49.573;4.94;10.888;49.261;4.342;6.03;51.708;5.284;1.455;52.895;5.565;14.868;49.832;6.924;15.009;49.493;2.555;12.32;48.927;2.227;9.861;48.491;3.039;15.049;49.651;2.555;12.32;48.927;4.421;14.875;49.855;3.039;15.049;49.651;4.977;10.241;49.573;6.041;9.896;49.392;6.924;15.009;49.493;7.737;12.308;50.356;4.94;10.888;49.261;4.976;13.253;49.386;3.9;9.897;49.646;4.342;6.03;51.708;4.977;10.241;49.573;3.9;9.897;49.646;4.976;13.253;49.386;4.979;15.35;48.958;6.041;9.896;49.392;5.731;5.551;48.743;7.737;12.308;50.356;7.552;10.675;52.19;4.979;15.35;48.958;5.13;16.191;50.463;5.731;5.551;48.743;4.901;1.983;45.565
5.017;10.206;50.284;4.981;10.852;49.972;4.432;5.943;52.305;5.413;1.303;53.162;5.576;14.845;50.461;6.937;14.978;50.128;2.57;12.29;49.564;2.258;9.818;49.193;3.053;15.028;50.25;2.57;12.29;49.564;4.431;14.848;50.473;3.053;15.028;50.25;5.017;10.206;50.284;6.082;9.861;50.106;6.937;14.978;50.128;7.738;12.25;50.91;4.981;10.852;49.972;4.994;13.219;50.037;3.94;9.861;50.355;4.432;5.943;52.305;5.017;10.206;50.284;3.94;9.861;50.355;4.994;13.219;50.037;4.995;15.309;49.573;6.082;9.861;50.106;5.789;5.506;49.515;7.738;12.25;50.91;7.596;10.528;52.666;4.995;15.309;49.573;5.133;16.178;51.063;5.789;5.506;49.515;4.987;2.382;45.895
5.052;10.246;50.935;5.021;10.891;50.62;4.469;5.918;52.804;5.434;1.225;53.318;5.59;14.887;51.068;6.957;15.01;50.754;2.581;12.328;50.197;2.289;9.842;49.918;3.071;15.078;50.831;2.581;12.328;50.197;4.446;14.889;51.068;3.071;15.078;50.831;5.052;10.246;50.935;6.12;9.901;50.774;6.957;15.01;50.754;7.729;12.238;51.403;5.021;10.891;50.62;5.015;13.259;50.646;3.974;9.901;50.99;4.469;5.918;52.804;5.052;10.246;50.935;3.974;9.901;50.99;5.015;13.259;50.646;5.019;15.347;50.172;6.12;9.901;50.774;5.887;5.517;50.415;7.729;12.238;51.403;7.634;10.369;53.005;5.019;15.347;50.172;5.139;16.227;51.657;5.887;5.517;50.415;5.174;2.798;46.464
5.079;10.303;51.518;5.051;10.948;51.201;4.482;5.882;53.159;5.4;1.154;53.312;5.615;14.94;51.646;6.986;15.043;51.347;2.593;12.375;50.867;2.328;9.874;50.72;3.095;15.14;51.417;2.593;12.375;50.867;4.47;14.945;51.645;3.095;15.14;51.417;5.079;10.303;51.518;6.148;9.958;51.371;6.986;15.043;51.347;7.709;12.222;51.819;5.051;10.948;51.201;5.036;13.316;51.213;4.0;9.958;51.561;4.482;5.882;53.159;5.079;10.303;51.518;4.0;9.958;51.561;5.036;13.316;51.213;5.045;15.407;50.752;6.148;9.958;51.371;5.944;5.558;51.426;7.709;12.222;51.819;7.661;10.191;53.212;5.045;15.407;50.752;5.156;16.287;52.238;5.944;5.558;51.426;5.218;3.079;47.322
5.101;10.409;52.095;5.08;11.052;51.774;4.495;5.896;53.458;5.393;1.163;53.322;5.655;15.037;52.208;7.03;15.115;51.913;2.622;12.472;51.559;2.396;9.963;51.575;3.134;15.255;52.0;2.622;12.472;51.559;4.511;15.05;52.211;3.134;15.255;52.0;5.101;10.409;52.095;6.173;10.064;51.974;7.03;15.115;51.913;7.696;12.254;52.182;5.08;11.052;51.774;5.064;13.42;51.766;4.022;10.064;52.115;4.495;5.896;53.458;5.101;10.409;52.095;4.022;10.064;52.115;5.064;13.42;51.766;5.086;15.514;51.319;6.173;10.064;51.974;6.075;5.697;52.545;7.696;12.254;52.182;7.693;10.074;53.329;5.086;15.514;51.319;5.188;16.388;52.809;6.075;5.697;52.545;5.482;3.23;48.413
5.114;10.541;52.612;5.099;11.183;52.288;4.502;5.947;53.676;5.388;1.225;53.305;5.705;15.155;52.731;7.078;15.213;52.428;2.664;12.611;52.186;2.481;10.103;52.323;3.183;15.403;52.558;2.664;12.611;52.186;4.56;15.18;52.744;3.183;15.403;52.558;5.114;10.541;52.612;6.189;10.196;52.513;7.078;15.213;52.428;7.69;12.328;52.472;5.099;11.183;52.288;5.092;13.551;52.272;4.035;10.196;52.612;4.502;5.947;53.676;5.114;10.541;52.612;4.035;10.196;52.612;5.092;13.551;52.272;5.133;15.65;51.854;6.189;10.196;52.513;6.202;5.934;53.626;7.69;12.328;52.472;7.723;10.029;53.357;5.133;15.65;51.854;5.234;16.503;53.356;6.202;5.934;53.626;5.74;3.065;49.744
5.12;10.652;53.111;5.109;11.292;52.785;4.504;5.995;53.871;5.38;1.292;53.288;5.748;15.253;53.247;7.114;15.301;52.908;2.665;12.725;52.976;2.536;10.235;53.339;3.223;15.527;53.172;2.665;12.725;52.976;4.605;15.288;53.293;3.223;15.527;53.172;5.12;10.652;53.111;6.196;10.306;53.027;7.114;15.301;52.908;7.68;12.413;52.715;5.109;11.292;52.785;5.109;13.661;52.785;4.041;10.306;53.098;4.504;5.995;53.871;5.12;10.652;53.111;4.041;10.306;53.098;5.109;13.661;52.785;5.157;15.765;52.393;6.196;10.306;53.027;6.314;6.169;54.534;7.68;12.413;52.715;7.753;10.032;53.346;5.157;15.765;52.393;5.287;16.609;53.898;6.314;6.169;54.534;5.997;2.688;51.173
5.125;10.698;53.615;5.119;11.337;53.287;4.5;5.998;54.08;5.362;1.326;53.276;5.785;15.293;53.739;7.149;15.34;53.391;2.69;12.781;53.65;2.644;10.34;54.27;3.262;15.588;53.676;2.69;12.781;53.65;4.643;15.337;53.788;3.262;15.588;53.676;5.125;10.698;53.615;6.202;10.352;53.548;7.149;15.34;53.391;7.685;12.469;52.98;5.119;11.337;53.287;5.132;13.705;53.28;4.046;10.352;53.588;4.5;5.998;54.08;5.125;10.698;53.615;4.046;10.352;53.588;5.132;13.705;53.28;5.195;15.809;52.886;6.202;10.352;53.548;6.39;6.33;55.335;7.685;12.469;52.98;7.787;10.037;53.363;5.195;15.809;52.886;5.327;16.664;54.385;6.39;6.33;55.335;6.217;2.185;52.824
5.149;10.682;54.127;5.147;11.321;53.797;4.498;5.958;54.324;5.333;1.326;53.292;5.832;15.271;54.277;7.196;15.327;53.932;2.721;12.776;54.351;2.76;10.425;55.255;3.31;15.574;54.194;2.721;12.776;54.351;4.689;15.32;54.318;3.31;15.574;54.194;5.149;10.682;54.127;6.227;10.337;54.073;7.196;15.327;53.932;7.715;12.496;53.284;5.147;11.321;53.797;5.173;13.689;53.805;4.071;10.336;54.088;4.498;5.958;54.324;5.149;10.682;54.127;4.071;10.336;54.088;5.173;13.689;53.805;5.25;15.794;53.423;6.227;10.337;54.073;6.487;6.385;56.002;7.715;12.496;53.284;7.839;10.039;53.404;5.25;15.794;53.423;5.372;16.66;54.916;6.487;6.385;56.002;6.411;1.769;54.519
5.193;10.619;54.623;5.195;11.257;54.292;4.518;5.887;54.572;5.335;1.312;53.297;5.883;15.206;54.796;7.25;15.271;54.467;2.761;12.716;54.973;2.868;10.483;56.132;3.362;15.5;54.663;2.761;12.716;54.973;4.74;15.255;54.819;3.362;15.5;54.663;5.193;10.619;54.623;6.272;10.274;54.583;7.25;15.271;54.467;7.758;12.494;53.609;5.195;11.257;54.292;5.232;13.625;54.311;4.115;10.273;54.573;4.518;5.887;54.572;5.193;10.619;54.623;4.115;10.273;54.573;5.232;13.625;54.311;5.316;15.731;53.934;6.272;10.274;54.583;6.614;6.373;56.601;7.758;12.494;53.609;7.899;10.038;53.497;5.316;15.731;53.934;5.419;16.611;55.42;6.614;6.373;56.601;6.625;1.542;56.188
5.253;10.518;55.135;5.257;11.155;54.802;4.563;5.787;54.895;5.372;1.292;53.36;5.93;15.105;55.342;7.298;15.182;55.019;2.83;12.586;55.63;3.005;10.463;56.974;3.405;15.356;55.183;2.83;12.586;55.63;4.786;15.147;55.353;3.405;15.356;55.183;5.253;10.518;55.135;6.331;10.172;55.106;7.298;15.182;55.019;7.798;12.466;53.982;5.257;11.155;54.802;5.295;13.523;54.84;4.175;10.171;55.076;4.563;5.787;54.895;5.253;10.518;55.135;4.175;10.171;55.076;5.295;13.523;54.84;5.368;15.631;54.477;6.331;10.172;55.106;6.654;6.305;57.189;7.798;12.466;53.982;7.96;10.028;53.664;5.368;15.631;54.477;5.457;16.517;55.96;6.654;6.305;57.189;6.63;1.483;57.697
5.331;10.425;55.665;5.335;11.062;55.332;4.606;5.702;55.259;5.373;1.334;53.373;6.011;15.012;55.893;7.377;15.087;55.564;2.905;12.49;56.302;3.108;10.461;57.781;3.482;15.235;55.727;2.905;12.49;56.302;4.867;15.05;55.903;3.482;15.235;55.727;5.331;10.425;55.665;6.41;10.08;55.637;7.377;15.087;55.564;7.852;12.418;54.402;5.335;11.062;55.332;5.38;13.429;55.386;4.254;10.078;55.605;4.606;5.702;55.259;5.331;10.425;55.665;4.254;10.078;55.605;5.38;13.429;55.386;5.449;15.539;55.029;6.41;10.08;55.637;6.681;6.194;57.693;7.852;12.418;54.402;8.021;10.006;53.929;5.449;15.539;55.029;5.533;16.43;56.51;6.681;6.194;57.693;6.577;1.432;58.604
5.437;10.351;56.256;5.444;10.987;55.922;4.642;5.636;55.7;5.34;1.479;53.364;6.124;14.943;56.452;7.49;15.007;56.117;2.996;12.42;56.882;3.166;10.433;58.42;3.597;15.148;56.249;2.996;12.42;56.882;4.98;14.981;56.449;3.597;15.148;56.249;5.437;10.351;56.256;6.516;10.006;56.237;7.49;15.007;56.117;7.934;12.361;54.893;5.444;10.987;55.922;5.5;13.355;55.955;4.36;10.004;56.188;4.642;5.636;55.7;5.437;10.351;56.256;4.36;10.004;56.188;5.5;13.355;55.955;5.571;15.461;55.576;6.516;10.006;56.237;6.68;6.087;58.241;7.934;12.361;54.893;8.1;9.969;54.327;5.571;15.461;55.576;5.634;16.377;57.043;6.68;6.087;58.241;6.476;1.335;59.183
