0.0;10.351;0.0;-0.029;10.997;-0.314;-0.822;5.699;1.039;-0.865;1.536;-1.388;0.694;14.916;0.568;2.045;15.063;0.198;-2.563;12.149;0.335;-2.614;9.702;0.931;-1.834;14.919;0.308;-2.563;12.149;0.335;-0.45;14.934;0.564;-1.834;14.919;0.308;0.0;10.351;0.0;1.092;10.055;-0.058;2.045;15.063;0.198;2.565;12.231;-0.442;-0.029;10.997;-0.314;0.1;13.342;-0.003;-1.062;9.959;-0.052;-0.822;5.699;1.039;0.0;10.351;0.0;-1.062;9.959;-0.052;0.1;13.342;-0.003;0.133;15.463;-0.285;1.092;10.055;-0.058;0.673;5.713;-0.67;2.565;12.231;-0.442;2.549;9.787;-0.132;0.133;15.463;-0.285;0.212;16.273;1.242;0.673;5.713;-0.67;0.081;1.174;-2.27
0.038;10.357;0.149;0.015;11.005;-0.159;-0.727;5.793;1.439;-0.709;1.544;-0.834;0.746;14.901;0.821;2.098;15.053;0.458;-2.528;12.158;0.473;-2.618;9.694;0.985;-1.78;14.923;0.532;-2.528;12.158;0.473;-0.398;14.922;0.802;-1.78;14.923;0.532;0.038;10.357;0.149;1.126;10.048;0.087;2.098;15.053;0.458;2.641;12.23;-0.201;0.015;11.005;-0.159;0.155;13.341;0.208;-1.029;9.978;0.096;-0.727;5.793;1.439;0.038;10.357;0.149;-1.029;9.978;0.096;0.155;13.341;0.208;0.198;15.468;-0.027;1.126;10.048;0.087;0.697;5.72;-0.61;2.641;12.23;-0.201;2.614;9.792;0.151;0.198;15.468;-0.027;0.262;16.256;1.512;0.697;5.72;-0.61;0.095;1.218;-2.308
0.066;10.344;0.328;0.05;10.995;0.025;-0.647;5.887;1.873;-0.513;1.474;-0.058;0.787;14.868;1.092;2.138;15.032;0.732;-2.504;12.147;0.636;-2.64;9.666;1.049;-1.738;14.902;0.787;-2.504;12.147;0.636;-0.357;14.891;1.063;-1.738;14.902;0.787;0.066;10.344;0.328;1.151;10.025;0.264;2.138;15.032;0.732;2.708;12.214;0.075;0.05;10.995;0.025;0.2;13.321;0.443;-1.004;9.976;0.273;-0.647;5.887;1.873;0.066;10.344;0.328;-1.004;9.976;0.273;0.2;13.321;0.443;0.246;15.453;0.25;1.151;10.025;0.264;0.714;5.712;-0.519;2.708;12.214;0.075;2.667;9.79;0.513;0.246;15.453;0.25;0.302;16.222;1.8;0.714;5.712;-0.519;0.1;1.249;-2.311
0.093;10.319;0.532;0.083;10.972;0.234;-0.587;5.976;2.311;-0.315;1.38;0.888;0.832;14.82;1.391;2.181;15.0;1.03;-2.486;12.129;0.821;-2.683;9.634;1.105;-1.692;14.869;1.082;-2.486;12.129;0.821;-0.312;14.843;1.358;-1.692;14.869;1.082;0.093;10.319;0.532;1.176;9.991;0.465;2.181;15.0;1.03;2.787;12.185;0.393;0.083;10.972;0.234;0.248;13.288;0.705;-0.98;9.96;0.473;-0.587;5.976;2.311;0.093;10.319;0.532;-0.98;9.96;0.473;0.248;13.288;0.705;0.296;15.423;0.56;1.176;9.991;0.465;0.73;5.697;-0.411;2.787;12.185;0.393;2.73;9.786;0.952;0.296;15.423;0.56;0.348;16.169;2.121;0.73;5.697;-0.411;0.105;1.279;-2.31
0.125;10.271;0.794;0.119;10.928;0.504;-0.535;6.032;2.761;-0.111;1.299;1.963;0.884;14.75;1.737;2.226;14.951;1.364;-2.471;12.094;1.09;-2.728;9.593;1.245;-1.644;14.812;1.453;-2.471;12.094;1.09;-0.26;14.773;1.71;-1.644;14.812;1.453;0.125;10.271;0.794;1.206;9.938;0.723;2.226;14.951;1.364;2.87;12.136;0.763;0.119;10.928;0.504;0.297;13.232;1.024;-0.95;9.919;0.731;-0.535;6.032;2.761;0.125;10.271;0.794;-0.95;9.919;0.731;0.297;13.232;1.024;0.343;15.37;0.921;1.206;9.938;0.723;0.744;5.671;-0.267;2.87;12.136;0.763;2.803;9.778;1.473;0.343;15.37;0.921;0.405;16.096;2.491;0.744;5.671;-0.267;0.107;1.319;-2.31
0.176;10.207;1.09;0.172;10.867;0.805;-0.487;6.063;3.218;0.071;1.278;3.108;0.932;14.67;2.099;2.274;14.887;1.737;-2.44;12.046;1.323;-2.758;9.548;1.361;-1.592;14.743;1.786;-2.44;12.046;1.323;-0.212;14.694;2.059;-1.592;14.743;1.786;0.176;10.207;1.09;1.257;9.873;1.02;2.274;14.887;1.737;2.961;12.075;1.173;0.172;10.867;0.805;0.354;13.163;1.356;-0.9;9.858;1.02;-0.487;6.063;3.218;0.176;10.207;1.09;-0.9;9.858;1.02;0.354;13.163;1.356;0.4;15.302;1.287;1.257;9.873;1.02;0.786;5.635;-0.088;2.961;12.075;1.173;2.877;9.759;2.009;0.4;15.302;1.287;0.452;16.008;2.866;0.786;5.635;-0.088;0.155;1.363;-2.294
0.217;10.126;1.431;0.213;10.788;1.152;-0.438;6.054;3.672;0.23;1.309;4.186;0.971;14.575;2.5;2.312;14.806;2.143;-2.411;11.985;1.605;-2.783;9.496;1.515;-1.551;14.657;2.172;-2.411;11.985;1.605;-0.173;14.598;2.454;-1.551;14.657;2.172;0.217;10.126;1.431;1.296;9.789;1.353;2.312;14.806;2.143;3.047;11.991;1.653;0.213;10.788;1.152;0.398;13.077;1.734;-0.86;9.78;1.362;-0.438;6.054;3.672;0.217;10.126;1.431;-0.86;9.78;1.362;0.398;13.077;1.734;0.443;15.217;1.694;1.296;9.789;1.353;0.807;5.59;0.116;3.047;11.991;1.653;2.952;9.731;2.629;0.443;15.217;1.694;0.496;15.898;3.284;0.807;5.59;0.116;0.172;1.425;-2.285
0.253;10.041;1.812;0.251;10.706;1.54;-0.386;6.014;4.117;0.342;1.337;5.023;1.011;14.475;2.938;2.355;14.714;2.593;-2.376;11.927;1.913;-2.798;9.454;1.687;-1.508;14.57;2.592;-2.376;11.927;1.913;-0.132;14.499;2.885;-1.508;14.57;2.592;0.253;10.041;1.812;1.329;9.697;1.72;2.355;14.714;2.593;3.127;11.899;2.167;0.251;10.706;1.54;0.442;12.987;2.15;-0.827;9.703;1.752;-0.386;6.014;4.117;0.253;10.041;1.812;-0.827;9.703;1.752;0.442;12.987;2.15;0.489;15.127;2.135;1.329;9.697;1.72;0.815;5.536;0.37;3.127;11.899;2.167;3.018;9.683;3.236;0.489;15.127;2.135;0.542;15.787;3.734;0.815;5.536;0.37;0.177;1.505;-2.248
0.292;9.971;2.26;0.289;10.638;1.994;-0.32;5.94;4.558;0.452;1.293;5.574;1.041;14.402;3.412;2.386;14.641;3.072;-2.338;11.87;2.308;-2.785;9.412;1.987;-1.476;14.496;3.06;-2.338;11.87;2.308;-0.102;14.424;3.357;-1.476;14.496;3.06;0.292;9.971;2.26;1.364;9.622;2.145;2.386;14.641;3.072;3.18;11.823;2.709;0.289;10.638;1.994;0.478;12.915;2.617;-0.791;9.64;2.215;-0.32;5.94;4.558;0.292;9.971;2.26;-0.791;9.64;2.215;0.478;12.915;2.617;0.519;15.056;2.611;1.364;9.622;2.145;0.836;5.502;0.678;3.18;11.823;2.709;3.068;9.637;3.839;0.519;15.056;2.611;0.577;15.706;4.214;0.836;5.502;0.678;0.196;1.647;-2.192
0.325;9.93;2.757;0.326;10.601;2.501;-0.279;5.83;4.931;0.472;1.129;5.679;1.075;14.359;3.942;2.424;14.589;3.611;-2.289;11.845;2.762;-2.751;9.402;2.354;-1.441;14.454;3.584;-2.289;11.845;2.762;-0.068;14.379;3.883;-1.441;14.454;3.584;0.325;9.93;2.757;1.388;9.566;2.613;2.424;14.589;3.611;3.218;11.769;3.269;0.326;10.601;2.501;0.516;12.874;3.14;-0.764;9.617;2.733;-0.279;5.83;4.931;0.325;9.93;2.757;-0.764;9.617;2.733;0.516;12.874;3.14;0.554;15.014;3.141;1.388;9.566;2.613;0.82;5.488;1.048;3.218;11.769;3.269;3.11;9.573;4.379;0.554;15.014;3.141;0.616;15.661;4.745;0.82;5.488;1.048;0.16;1.886;-2.13
0.37;9.942;3.325;0.377;10.614;3.071;-0.228;5.771;5.353;0.496;1.026;5.774;1.103;14.376;4.511;2.455;14.598;4.189;-2.236;11.862;3.277;-2.695;9.432;2.8;-1.414;14.463;4.151;-2.236;11.862;3.277;-0.04;14.391;4.451;-1.414;14.463;4.151;0.37;9.942;3.325;1.426;9.563;3.164;2.455;14.598;4.189;3.239;11.779;3.821;0.377;10.614;3.071;0.552;12.888;3.71;-0.724;9.645;3.315;-0.228;5.771;5.353;0.37;9.942;3.325;-0.724;9.645;3.315;0.552;12.888;3.71;0.58;15.029;3.71;1.426;9.563;3.164;0.835;5.49;1.595;3.239;11.779;3.821;3.152;9.54;4.845;0.58;15.029;3.71;0.645;15.678;5.312;0.835;5.49;1.595;0.221;2.214;-1.927
0.41;9.997;3.932;0.426;10.667;3.673;-0.195;5.742;5.763;0.502;0.974;5.838;1.125;14.443;5.082;2.479;14.655;4.763;-2.183;11.909;3.846;-2.621;9.479;3.352;-1.393;14.518;4.727;-2.183;11.909;3.846;-0.018;14.453;5.022;-1.393;14.518;4.727;0.41;9.997;3.932;1.461;9.603;3.776;2.479;14.655;4.763;3.244;11.838;4.339;0.426;10.667;3.673;0.58;12.948;4.29;-0.688;9.713;3.924;-0.195;5.742;5.763;0.41;9.997;3.932;-0.688;9.713;3.924;0.58;12.948;4.29;0.6;15.089;4.276;1.461;9.603;3.776;0.834;5.488;2.337;3.244;11.838;4.339;3.187;9.543;5.233;0.6;15.089;4.276;0.671;15.746;5.875;0.834;5.488;2.337;0.324;2.615;-1.536
0.444;10.096;4.538;0.465;10.761;4.266;-0.183;5.733;6.107;0.502;0.97;5.859;1.151;14.553;5.632;2.506;14.749;5.303;-2.138;11.982;4.475;-2.549;9.539;4.018;-1.372;14.613;5.309;-2.138;11.982;4.475;0.008;14.56;5.582;-1.372;14.613;5.309;0.444;10.096;4.538;1.496;9.697;4.401;2.506;14.749;5.303;3.239;11.935;4.811;0.465;10.761;4.266;0.603;13.051;4.856;-0.654;9.816;4.522;-0.183;5.733;6.107;0.444;10.096;4.538;-0.654;9.816;4.522;0.603;13.051;4.856;0.618;15.192;4.827;1.496;9.697;4.401;0.87;5.493;3.247;3.239;11.935;4.811;3.214;9.591;5.566;0.618;15.192;4.827;0.709;15.853;6.424;0.87;5.493;3.247;0.517;3.014;-0.905
0.52;10.21;5.184;0.535;10.865;4.888;-0.152;5.714;6.433;0.519;0.975;5.872;1.201;14.69;6.15;2.552;14.868;5.795;-2.083;12.065;5.141;-2.465;9.601;4.784;-1.329;14.729;5.874;-2.083;12.065;5.141;0.057;14.692;6.118;-1.329;14.729;5.874;0.52;10.21;5.184;1.581;9.825;5.079;2.552;14.868;5.795;3.232;12.055;5.225;0.535;10.865;4.888;0.646;13.173;5.409;-0.572;9.911;5.162;-0.152;5.714;6.433;0.52;10.21;5.184;-0.572;9.911;5.162;0.646;13.173;5.409;0.652;15.312;5.342;1.581;9.825;5.079;1.134;5.479;4.513;3.232;12.055;5.225;3.227;9.671;5.847;0.652;15.312;5.342;0.767;15.987;6.931;1.134;5.479;4.513;0.945;3.117;0.282
0.565;10.321;5.756;0.571;10.969;5.445;-0.146;5.716;6.657;0.503;1.008;5.862;1.257;14.815;6.62;2.595;14.979;6.214;-2.039;12.15;5.828;-2.384;9.664;5.607;-1.281;14.846;6.429;-2.039;12.15;5.828;0.112;14.816;6.626;-1.281;14.846;6.429;0.565;10.321;5.756;1.63;9.947;5.661;2.595;14.979;6.214;3.22;12.17;5.566;0.571;10.969;5.445;0.679;13.287;5.92;-0.524;10.007;5.74;-0.146;5.716;6.657;0.565;10.321;5.756;-0.524;10.007;5.74;0.679;13.287;5.92;0.681;15.425;5.822;1.63;9.947;5.661;1.258;5.558;5.631;3.22;12.17;5.566;3.234;9.763;6.088;0.681;15.425;5.822;0.84;16.11;7.403;1.258;5.558;5.631;1.017;3.154;1.427
0.607;10.432;6.298;0.603;11.074;5.974;-0.136;5.742;6.835;0.501;1.068;5.851;1.318;14.934;7.074;2.641;15.09;6.618;-2.004;12.251;6.548;-2.304;9.75;6.522;-1.225;14.975;6.97;-2.004;12.251;6.548;0.175;14.939;7.118;-1.225;14.975;6.97;0.607;10.432;6.298;1.678;10.074;6.21;2.641;15.09;6.618;3.215;12.29;5.889;0.603;11.074;5.974;0.713;13.398;6.415;-0.476;10.1;6.288;-0.136;5.742;6.835;0.607;10.432;6.298;-0.476;10.1;6.288;0.713;13.398;6.415;0.718;15.535;6.287;1.678;10.074;6.21;1.441;5.713;6.779;3.215;12.29;5.889;3.241;9.865;6.322;0.718;15.535;6.287;0.923;16.229;7.859;1.441;5.713;6.779;1.185;2.817;2.898
0.667;10.529;6.855;0.651;11.165;6.521;-0.112;5.783;7.021;0.504;1.149;5.851;1.386;15.038;7.548;2.695;15.188;7.05;-1.96;12.356;7.281;-2.206;9.857;7.472;-1.158;15.096;7.511;-1.96;12.356;7.281;0.244;15.049;7.622;-1.158;15.096;7.511;0.667;10.529;6.855;1.746;10.192;6.776;2.695;15.188;7.05;3.219;12.402;6.233;0.651;11.165;6.521;0.757;13.496;6.928;-0.409;10.174;6.848;-0.112;5.783;7.021;0.667;10.529;6.855;-0.409;10.174;6.848;0.757;13.496;6.928;0.768;15.63;6.768;1.746;10.192;6.776;1.673;5.942;7.933;3.219;12.402;6.233;3.251;9.962;6.568;0.768;15.63;6.768;1.009;16.335;8.33;1.673;5.942;7.933;1.455;2.456;4.569
0.714;10.564;7.392;0.689;11.197;7.053;-0.094;5.8;7.211;0.503;1.215;5.854;1.449;15.077;8.032;2.744;15.224;7.5;-1.91;12.411;8.001;-2.082;9.931;8.404;-1.095;15.157;8.05;-1.91;12.411;8.001;0.309;15.095;8.131;-1.095;15.157;8.05;0.714;10.564;7.392;1.797;10.242;7.318;2.744;15.224;7.5;3.232;12.452;6.619;0.689;11.197;7.053;0.797;13.531;7.444;-0.357;10.194;7.385;-0.094;5.8;7.211;0.714;10.564;7.392;-0.357;10.194;7.385;0.797;13.531;7.444;0.816;15.664;7.259;1.797;10.242;7.318;1.909;6.141;8.92;3.232;12.452;6.619;3.27;10.002;6.875;0.816;15.664;7.259;1.091;16.38;8.81;1.909;6.141;8.92;1.764;2.063;6.299
0.781;10.51;7.947;0.756;11.142;7.608;-0.058;5.768;7.448;0.516;1.249;5.873;1.539;15.027;8.543;2.824;15.173;7.986;-1.843;12.402;8.755;-1.942;9.967;9.394;-1.003;15.136;8.604;-1.843;12.402;8.755;0.401;15.053;8.663;-1.003;15.136;8.604;0.781;10.51;7.947;1.865;10.188;7.873;2.824;15.173;7.986;3.273;12.42;7.028;0.756;11.142;7.608;0.869;13.478;7.986;-0.289;10.139;7.94;-0.058;5.768;7.448;0.781;10.51;7.947;-0.289;10.139;7.94;0.869;13.478;7.986;0.897;15.608;7.775;1.865;10.188;7.873;2.134;6.228;9.783;3.273;12.42;7.028;3.311;9.961;7.184;0.897;15.608;7.775;1.197;16.344;9.312;2.134;6.228;9.783;2.011;1.663;8.152
0.847;10.398;8.495;0.826;11.031;8.157;-0.02;5.705;7.726;0.527;1.28;5.898;1.625;14.919;9.064;2.908;15.06;8.501;-1.764;12.333;9.414;-1.79;9.952;10.235;-0.915;15.053;9.128;-1.764;12.333;9.414;0.488;14.953;9.188;-0.915;15.053;9.128;0.847;10.398;8.495;1.927;10.066;8.415;2.908;15.06;8.501;3.326;12.324;7.479;0.826;11.031;8.157;0.945;13.368;8.524;-0.227;10.037;8.493;-0.02;5.705;7.726;0.847;10.398;8.495;-0.227;10.037;8.493;0.945;13.368;8.524;0.983;15.496;8.293;1.927;10.066;8.415;2.307;6.208;10.506;3.326;12.324;7.479;3.358;9.862;7.528;0.983;15.496;8.293;1.292;16.251;9.819;2.307;6.208;10.506;2.18;1.393;9.944
0.929;10.263;9.067;0.912;10.898;8.73;0.016;5.63;8.066;0.506;1.34;5.926;1.73;14.787;9.617;3.009;14.918;9.044;-1.673;12.246;10.143;-1.644;9.939;11.153;-0.808;14.94;9.695;-1.673;12.246;10.143;0.594;14.826;9.748;-0.808;14.94;9.695;0.929;10.263;9.067;2.005;9.919;8.977;3.009;14.918;9.044;3.395;12.195;7.976;0.912;10.898;8.73;1.039;13.234;9.096;-0.149;9.914;9.074;0.016;5.63;8.066;0.929;10.263;9.067;-0.149;9.914;9.074;1.039;13.234;9.096;1.084;15.36;8.845;2.005;9.919;8.977;2.439;6.14;11.197;3.395;12.195;7.976;3.424;9.733;7.921;1.084;15.36;8.845;1.405;16.136;10.358;2.439;6.14;11.197;2.319;1.313;11.643
1.041;10.16;9.66;1.029;10.794;9.323;0.073;5.571;8.486;0.498;1.446;6.031;1.857;14.684;10.191;3.137;14.798;9.616;-1.553;12.176;10.825;-1.49;9.929;11.961;-0.68;14.848;10.27;-1.553;12.176;10.825;0.721;14.73;10.325;-0.68;14.848;10.27;1.041;10.16;9.66;2.117;9.812;9.576;3.137;14.798;9.616;3.485;12.083;8.518;1.029;10.794;9.323;1.158;13.131;9.684;-0.038;9.814;9.662;0.073;5.571;8.486;1.041;10.16;9.66;-0.038;9.814;9.662;1.158;13.131;9.684;1.212;15.255;9.417;2.117;9.812;9.576;2.498;6.075;11.875;3.485;12.083;8.518;3.504;9.624;8.368;1.212;15.255;9.417;1.534;16.048;10.921;2.498;6.075;11.875;2.362;1.342;12.922
1.171;10.089;10.344;1.16;10.723;10.006;0.14;5.53;9.019;0.487;1.661;6.167;1.999;14.623;10.817;3.278;14.717;10.238;-1.415;12.135;11.488;-1.346;9.922;12.688;-0.538;14.795;10.887;-1.415;12.135;11.488;0.863;14.676;10.95;-0.538;14.795;10.887;1.171;10.089;10.344;2.251;9.75;10.278;3.278;14.717;10.238;3.596;12.0;9.136;1.16;10.723;10.006;1.292;13.065;10.334;0.095;9.736;10.327;0.14;5.53;9.019;1.171;10.089;10.344;0.095;9.736;10.327;1.292;13.065;10.334;1.357;15.184;10.034;2.251;9.75;10.278;2.528;5.986;12.55;3.596;12.0;9.136;3.609;9.546;8.921;1.357;15.184;10.034;1.677;16.003;11.524;2.528;5.986;12.55;2.342;1.244;13.546
1.32;10.059;11.075;1.301;10.694;10.738;0.238;5.5;9.681;0.487;1.991;6.387;2.154;14.605;11.472;3.433;14.679;10.889;-1.261;12.124;12.118;-1.207;9.908;13.315;-0.382;14.786;11.533;-1.261;12.124;12.118;1.019;14.667;11.605;-0.382;14.786;11.533;1.32;10.059;11.075;2.405;9.738;11.022;3.433;14.679;10.889;3.737;11.944;9.829;1.301;10.694;10.738;1.438;13.041;11.022;0.25;9.688;11.045;0.238;5.5;9.681;1.32;10.059;11.075;0.25;9.688;11.045;1.438;13.041;11.022;1.514;15.153;10.677;2.405;9.738;11.022;2.601;5.88;13.138;3.737;11.944;9.829;3.748;9.49;9.616;1.514;15.153;10.677;1.833;16.004;12.15;2.601;5.88;13.138;2.402;1.069;13.71
1.473;10.095;11.812;1.44;10.726;11.47;0.367;5.48;10.528;0.49;2.412;6.813;2.311;14.644;12.129;3.591;14.699;11.544;-1.097;12.159;12.702;-1.073;9.909;13.835;-0.224;14.837;12.185;-1.097;12.159;12.702;1.177;14.717;12.262;-0.224;14.837;12.185;1.473;10.095;11.812;2.565;9.798;11.758;3.591;14.699;11.544;3.882;11.94;10.541;1.44;10.726;11.47;1.583;13.079;11.706;0.411;9.7;11.788;0.367;5.48;10.528;1.473;10.095;11.812;0.411;9.7;11.788;1.583;13.079;11.706;1.674;15.183;11.326;2.565;9.798;11.758;2.693;5.851;13.71;3.882;11.94;10.541;3.887;9.483;10.365;1.674;15.183;11.326;1.994;16.058;12.785;2.693;5.851;13.71;2.483;1.009;13.838
1.629;10.152;12.551;1.579;10.777;12.2;0.545;5.446;11.563;0.506;2.851;7.503;2.458;14.701;12.789;3.74;14.743;12.211;-0.935;12.203;13.277;-0.944;9.903;14.305;-0.077;14.902;12.85;-0.935;12.203;13.277;1.324;14.782;12.922;-0.077;14.902;12.85;1.629;10.152;12.551;2.725;9.873;12.482;3.74;14.743;12.211;4.053;11.95;11.313;1.579;10.777;12.2;1.722;13.134;12.389;0.574;9.738;12.551;0.545;5.446;11.563;1.629;10.152;12.551;0.574;9.738;12.551;1.722;13.134;12.389;1.823;15.233;11.979;2.725;9.873;12.482;2.767;5.818;14.201;4.053;11.95;11.313;4.07;9.488;11.236;1.823;15.233;11.979;2.144;16.127;13.426;2.767;5.818;14.201;2.488;0.987;13.878
1.766;10.24;13.214;1.706;10.858;12.854;0.712;5.449;12.702;0.537;3.104;8.496;2.585;14.784;13.422;3.877;14.819;12.864;-0.783;12.261;13.801;-0.82;9.91;14.706;0.049;14.982;13.477;-0.783;12.261;13.801;1.45;14.867;13.548;0.049;14.982;13.477;1.766;10.24;13.214;2.862;9.965;13.13;3.877;14.819;12.864;4.241;11.991;12.109;1.706;10.858;12.854;1.848;13.217;13.022;0.714;9.821;13.242;0.712;5.449;12.702;1.766;10.24;13.214;0.714;9.821;13.242;1.848;13.217;13.022;1.956;15.314;12.607;2.862;9.965;13.13;2.836;5.8;14.562;4.241;11.991;12.109;4.279;9.529;12.18;1.956;15.314;12.607;2.271;16.214;14.051;2.836;5.8;14.562;2.482;1.013;13.877
1.892;10.384;13.837;1.832;10.995;13.465;0.915;5.572;13.956;0.705;3.081;9.836;2.699;14.922;14.043;4.006;14.96;13.522;-0.634;12.361;14.268;-0.694;9.966;15.043;0.161;15.106;14.063;-0.634;12.361;14.268;1.562;15.002;14.149;0.161;15.106;14.063;1.892;10.384;13.837;2.984;10.096;13.742;4.006;14.96;13.522;4.442;12.102;12.936;1.832;10.995;13.465;1.973;13.354;13.625;0.836;9.975;13.889;0.915;5.572;13.956;1.892;10.384;13.837;0.836;9.975;13.889;1.973;13.354;13.625;2.083;15.453;13.219;2.984;10.096;13.742;2.905;5.83;14.834;4.442;12.102;12.936;4.503;9.653;13.191;2.083;15.453;13.219;2.378;16.346;14.671;2.905;5.83;14.834;2.475;1.098;13.865
2.012;10.514;14.427;1.958;11.122;14.048;1.122;5.777;15.174;0.944;2.849;11.35;2.803;15.051;14.655;4.125;15.108;14.173;-0.505;12.461;14.71;-0.591;10.03;15.365;0.264;15.218;14.626;-0.505;12.461;14.71;1.664;15.122;14.737;0.264;15.218;14.626;2.012;10.514;14.427;3.097;10.206;14.319;4.125;15.108;14.173;4.65;12.236;13.759;1.958;11.122;14.048;2.098;13.481;14.211;0.95;10.126;14.501;1.122;5.777;15.174;2.012;10.514;14.427;0.95;10.126;14.501;2.098;13.481;14.211;2.201;15.583;13.821;3.097;10.206;14.319;2.971;5.864;15.046;4.65;12.236;13.759;4.736;9.816;14.213;2.201;15.583;13.821;2.469;16.466;15.285;2.971;5.864;15.046;2.46;1.187;13.869
2.123;10.605;14.967;2.069;11.213;14.588;1.295;5.999;16.255;1.175;2.433;13.015;2.895;15.141;15.245;4.225;15.226;14.791;-0.402;12.53;15.138;-0.519;10.07;15.666;0.355;15.292;15.183;-0.402;12.53;15.138;1.754;15.201;15.313;0.355;15.292;15.183;2.123;10.605;14.967;3.201;10.28;14.836;4.225;15.226;14.791;4.844;12.351;14.567;2.069;11.213;14.588;2.21;13.57;14.775;1.057;10.232;15.063;1.295;5.999;16.255;2.123;10.605;14.967;1.057;10.232;15.063;2.21;13.57;14.775;2.298;15.677;14.409;3.201;10.28;14.836;3.043;5.892;15.185;4.844;12.351;14.567;4.947;9.99;15.262;2.298;15.677;14.409;2.547;16.545;15.885;3.043;5.892;15.185;2.455;1.273;13.833
2.244;10.626;15.519;2.19;11.237;15.144;1.45;6.17;17.234;1.436;1.973;14.866;2.997;15.163;15.859;4.335;15.28;15.436;-0.301;12.543;15.572;-0.462;10.062;15.971;0.458;15.299;15.753;-0.301;12.543;15.572;1.854;15.211;15.91;0.458;15.299;15.753;2.244;10.626;15.519;3.316;10.291;15.367;4.335;15.28;15.436;5.045;12.417;15.402;2.19;11.237;15.144;2.335;13.591;15.36;1.176;10.264;15.633;1.45;6.17;17.234;2.244;10.626;15.519;1.176;10.264;15.633;2.335;13.591;15.36;2.408;15.703;15.02;3.316;10.291;15.367;3.114;5.891;15.38;5.045;12.417;15.402;5.144;10.141;16.339;2.408;15.703;15.02;2.627;16.557;16.51;3.114;5.891;15.38;2.445;1.34;13.846
2.361;10.557;16.067;2.302;11.172;15.7;1.587;6.222;18.072;1.738;1.569;16.829;3.09;15.097;16.466;4.429;15.248;16.059;-0.215;12.477;16.031;-0.424;9.981;16.297;0.552;15.219;16.341;-0.215;12.477;16.031;1.947;15.132;16.511;0.552;15.219;16.341;2.361;10.557;16.067;3.43;10.223;15.896;4.429;15.248;16.059;5.229;12.413;16.214;2.302;11.172;15.7;2.448;13.523;15.946;1.295;10.195;16.192;1.587;6.222;18.072;2.361;10.557;16.067;1.295;10.195;16.192;2.448;13.523;15.946;2.501;15.64;15.63;3.43;10.223;15.896;3.182;5.835;15.602;5.229;12.413;16.214;5.321;10.253;17.395;2.501;15.64;15.63;2.701;16.485;17.126;3.182;5.835;15.602;2.44;1.367;13.87
2.471;10.431;16.634;2.406;11.051;16.276;1.695;6.175;18.813;2.037;1.368;18.752;3.177;14.975;17.083;4.513;15.158;16.678;-0.134;12.361;16.532;-0.391;9.858;16.653;0.639;15.085;16.963;-0.134;12.361;16.532;2.034;14.998;17.131;0.639;15.085;16.963;2.471;10.431;16.634;3.541;10.106;16.451;4.513;15.158;16.678;5.392;12.362;17.003;2.406;11.051;16.276;2.55;13.399;16.552;1.408;10.061;16.76;1.695;6.175;18.813;2.471;10.431;16.634;1.408;10.061;16.76;2.55;13.399;16.552;2.58;15.519;16.253;3.541;10.106;16.451;3.247;5.748;15.878;5.392;12.362;17.003;5.472;10.336;18.402;2.58;15.519;16.253;2.772;16.364;17.75;3.247;5.748;15.878;2.443;1.4;13.888
2.574;10.263;17.239;2.504;10.887;16.892;1.816;6.059;19.53;2.333;1.365;20.489;3.262;14.811;17.727;4.592;15.02;17.316;-0.05;12.203;17.084;-0.354;9.703;17.056;0.722;14.908;17.625;-0.05;12.203;17.084;2.119;14.825;17.781;0.722;14.908;17.625;2.574;10.263;17.239;3.646;9.948;17.048;4.592;15.02;17.316;5.538;12.264;17.77;2.504;10.887;16.892;2.644;13.233;17.192;1.514;9.883;17.364;1.816;6.059;19.53;2.574;10.263;17.239;1.514;9.883;17.364;2.644;13.233;17.192;2.656;15.354;16.902;3.646;9.948;17.048;3.311;5.634;16.224;5.538;12.264;17.77;5.611;10.364;19.337;2.656;15.354;16.902;2.845;16.205;18.397;3.311;5.634;16.224;2.455;1.458;13.913
2.661;10.147;17.848;2.589;10.776;17.509;1.978;5.959;20.155;2.639;1.389;21.535;3.339;14.693;18.394;4.666;14.919;17.981;0.047;12.079;17.671;-0.288;9.588;17.5;0.797;14.768;18.31;0.047;12.079;17.671;2.196;14.699;18.454;0.797;14.768;18.31;2.661;10.147;17.848;3.731;9.834;17.648;4.666;14.919;17.981;5.657;12.19;18.502;2.589;10.776;17.509;2.729;13.117;17.844;1.601;9.766;17.973;1.978;5.959;20.155;2.661;10.147;17.848;1.601;9.766;17.973;2.729;13.117;17.844;2.727;15.241;17.578;3.731;9.834;17.648;3.374;5.564;16.629;5.657;12.19;18.502;5.726;10.374;20.165;2.727;15.241;17.578;2.913;16.087;19.077;3.374;5.564;16.629;2.483;1.609;13.968
2.756;10.04;18.574;2.679;10.67;18.237;2.201;5.855;20.878;2.973;1.303;22.26;3.406;14.596;19.1;4.728;14.832;18.677;0.14;11.972;18.315;-0.214;9.494;18.029;0.863;14.649;19.031;0.14;11.972;18.315;2.264;14.594;19.166;0.863;14.649;19.031;2.756;10.04;18.574;3.822;9.727;18.352;4.728;14.832;18.677;5.742;12.114;19.211;2.679;10.67;18.237;2.804;13.014;18.559;1.698;9.661;18.719;2.201;5.855;20.878;2.756;10.04;18.574;1.698;9.661;18.719;2.804;13.014;18.559;2.785;15.137;18.286;3.822;9.727;18.352;3.468;5.493;17.188;5.742;12.114;19.211;5.823;10.33;20.908;2.785;15.137;18.286;2.97;15.996;19.777;3.468;5.493;17.188;2.547;1.858;14.114
2.845;9.994;19.36;2.766;10.623;19.022;2.396;5.775;21.581;3.18;1.131;22.604;3.465;14.563;19.832;4.781;14.8;19.391;0.232;11.929;19.006;-0.123;9.463;18.632;0.922;14.597;19.784;0.232;11.929;19.006;2.323;14.553;19.908;0.922;14.597;19.784;2.845;9.994;19.36;3.904;9.671;19.12;4.781;14.8;19.391;5.787;12.069;19.875;2.766;10.623;19.022;2.87;12.972;19.31;1.787;9.624;19.527;2.396;5.775;21.581;2.845;9.994;19.36;1.787;9.624;19.527;2.87;12.972;19.31;2.833;15.092;19.019;3.904;9.671;19.12;3.575;5.447;17.915;5.787;12.069;19.875;5.891;10.258;21.542;2.833;15.092;19.019;3.018;15.971;20.497;3.575;5.447;17.915;2.638;2.237;14.404
2.924;10.033;20.138;2.855;10.658;19.791;2.467;5.745;22.188;3.123;1.001;22.727;3.529;14.607;20.564;4.842;14.838;20.112;0.323;11.956;19.739;-0.011;9.49;19.346;0.984;14.627;20.532;0.323;11.956;19.739;2.387;14.593;20.645;0.984;14.627;20.532;2.924;10.033;20.138;3.979;9.691;19.904;4.842;14.838;20.112;5.806;12.077;20.495;2.855;10.658;19.791;2.939;13.011;20.051;1.86;9.68;20.306;2.467;5.745;22.188;2.924;10.033;20.138;1.86;9.68;20.306;2.939;13.011;20.051;2.89;15.13;19.751;3.979;9.691;19.904;3.689;5.428;18.834;5.806;12.077;20.495;5.924;10.185;22.069;2.89;15.13;19.751;3.071;16.017;21.226;3.689;5.428;18.834;2.795;2.718;14.913
2.992;10.126;20.899;2.931;10.743;20.536;2.541;5.753;22.732;3.123;0.97;22.8;3.594;14.696;21.267;4.903;14.914;20.799;0.399;12.024;20.517;0.094;9.547;20.177;1.049;14.71;21.27;0.399;12.024;20.517;2.453;14.681;21.361;1.049;14.71;21.27;2.992;10.126;20.899;4.049;9.774;20.691;4.903;14.914;20.799;5.802;12.116;21.052;2.931;10.743;20.536;2.999;13.099;20.764;1.925;9.782;21.06;2.541;5.753;22.732;2.992;10.126;20.899;1.925;9.782;21.06;2.999;13.099;20.764;2.947;15.218;20.461;4.049;9.774;20.691;3.857;5.429;19.994;5.802;12.116;21.052;5.927;10.119;22.489;2.947;15.218;20.461;3.14;16.101;21.936;3.857;5.429;19.994;3.057;3.097;15.819
3.051;10.251;21.643;2.994;10.856;21.26;2.587;5.786;23.227;3.102;1.006;22.889;3.674;14.815;21.918;4.973;15.01;21.414;0.454;12.13;21.352;0.166;9.636;21.153;1.129;14.841;21.987;0.454;12.13;21.352;2.535;14.807;22.039;1.129;14.841;21.987;3.051;10.251;21.643;4.112;9.897;21.462;4.973;15.01;21.414;5.782;12.175;21.53;2.994;10.856;21.26;3.059;13.217;21.443;1.982;9.908;21.797;2.587;5.786;23.227;3.051;10.251;21.643;1.982;9.908;21.797;3.059;13.217;21.443;3.01;15.333;21.122;4.112;9.897;21.462;4.024;5.497;21.284;5.782;12.175;21.53;5.91;10.078;22.817;3.01;15.333;21.122;3.235;16.218;22.592;4.024;5.497;21.284;3.296;3.309;17.019
3.11;10.412;22.291;3.055;11.012;21.899;2.585;5.801;23.427;3.122;1.056;22.779;3.734;14.97;22.549;5.023;15.157;22.014;0.518;12.26;22.156;0.288;9.752;22.114;1.192;14.995;22.676;0.518;12.26;22.156;2.599;14.962;22.693;1.192;14.995;22.676;3.11;10.412;22.291;4.181;10.073;22.147;5.023;15.157;22.014;5.752;12.299;21.962;3.055;11.012;21.899;3.108;13.373;22.084;2.042;10.054;22.415;2.585;5.801;23.427;3.11;10.412;22.291;2.042;10.054;22.415;3.108;13.373;22.084;3.055;15.489;21.768;4.181;10.073;22.147;4.231;5.689;22.577;5.752;12.299;21.962;5.879;10.1;23.065;3.055;15.489;21.768;3.305;16.368;23.238;4.231;5.689;22.577;3.623;3.272;18.418
3.179;10.549;22.928;3.129;11.146;22.531;2.595;5.851;23.679;3.117;1.148;22.768;3.834;15.098;23.169;5.109;15.275;22.598;0.606;12.402;22.976;0.447;9.894;23.15;1.295;15.156;23.351;0.606;12.402;22.976;2.702;15.101;23.338;1.295;15.156;23.351;3.179;10.549;22.928;4.258;10.22;22.814;5.109;15.275;22.598;5.745;12.405;22.362;3.129;11.146;22.531;3.183;13.506;22.718;2.112;10.181;23.029;2.595;5.851;23.679;3.179;10.549;22.928;2.112;10.181;23.029;3.183;13.506;22.718;3.142;15.623;22.403;4.258;10.22;22.814;4.404;5.929;23.795;5.745;12.405;22.362;5.859;10.117;23.267;3.142;15.623;22.403;3.424;16.49;23.874;4.404;5.929;23.795;3.892;2.989;19.973
3.252;10.623;23.553;3.206;11.217;23.151;2.629;5.88;24.003;3.118;1.236;22.816;3.935;15.161;23.782;5.204;15.325;23.194;0.681;12.507;23.767;0.581;10.027;24.198;1.4;15.272;23.973;0.681;12.507;23.767;2.805;15.18;23.959;1.4;15.272;23.973;3.252;10.623;23.553;4.335;10.301;23.463;5.204;15.325;23.194;5.727;12.455;22.757;3.206;11.217;23.151;3.259;13.577;23.34;2.186;10.247;23.632;2.629;5.88;24.003;3.252;10.623;23.553;2.186;10.247;23.632;3.259;13.577;23.34;3.246;15.694;23.019;4.335;10.301;23.463;4.577;6.148;24.909;5.727;12.455;22.757;5.794;10.086;23.427;3.246;15.694;23.019;3.543;16.548;24.495;4.577;6.148;24.909;4.183;2.528;21.706
3.332;10.623;24.157;3.294;11.22;23.758;2.662;5.86;24.304;3.12;1.296;22.826;4.019;15.159;24.412;5.278;15.344;23.808;0.751;12.531;24.578;0.726;10.111;25.277;1.487;15.299;24.607;0.751;12.531;24.578;2.89;15.182;24.593;1.487;15.299;24.607;3.332;10.623;24.157;4.417;10.303;24.089;5.278;15.344;23.808;5.776;12.51;23.16;3.294;11.22;23.758;3.337;13.578;23.973;2.265;10.246;24.211;2.662;5.86;24.304;3.332;10.623;24.157;2.265;10.246;24.211;3.337;13.578;23.973;3.328;15.695;23.652;4.417;10.303;24.089;4.739;6.29;25.876;5.776;12.51;23.16;5.868;10.084;23.58;3.328;15.695;23.652;3.634;16.546;25.128;4.739;6.29;25.876;4.479;2.042;23.552
3.42;10.527;24.763;3.394;11.125;24.367;2.707;5.77;24.638;3.135;1.317;22.848;4.126;15.062;25.026;5.381;15.248;24.418;0.839;12.479;25.353;0.879;10.152;26.316;1.595;15.238;25.204;0.839;12.479;25.353;2.996;15.093;25.204;1.595;15.238;25.204;3.42;10.527;24.763;4.504;10.198;24.715;5.381;15.248;24.418;5.829;12.447;23.606;3.394;11.125;24.367;3.435;13.482;24.596;2.349;10.158;24.795;2.707;5.77;24.638;3.42;10.527;24.763;2.349;10.158;24.795;3.435;13.482;24.596;3.44;15.597;24.261;4.504;10.198;24.715;4.898;6.324;26.773;5.829;12.447;23.606;5.914;9.993;23.802;3.44;15.597;24.261;3.744;16.464;25.727;4.898;6.324;26.773;4.751;1.643;25.515
3.511;10.42;25.38;3.492;11.019;24.985;2.772;5.676;25.034;3.165;1.372;22.901;4.215;14.952;25.673;5.471;15.133;25.065;0.928;12.4;26.144;1.04;10.179;27.327;1.686;15.146;25.842;0.928;12.4;26.144;3.084;14.987;25.849;1.686;15.146;25.842;3.511;10.42;25.38;4.595;10.089;25.345;5.471;15.133;25.065;5.881;12.366;24.129;3.492;11.019;24.985;3.519;13.373;25.244;2.439;10.053;25.398;2.772;5.676;25.034;3.511;10.42;25.38;2.439;10.053;25.398;3.519;13.373;25.244;3.533;15.487;24.906;4.595;10.089;25.345;5.074;6.351;27.625;5.881;12.366;24.129;5.965;9.904;24.121;3.533;15.487;24.906;3.838;16.364;26.367;5.074;6.351;27.625;5.065;1.513;27.295
3.616;10.299;26.024;3.6;10.897;25.625;2.847;5.569;25.593;3.167;1.414;23.172;4.331;14.826;26.319;5.591;14.998;25.715;1.036;12.313;26.897;1.189;10.197;28.256;1.803;15.039;26.472;1.036;12.313;26.897;3.2;14.868;26.492;1.803;15.039;26.472;3.616;10.299;26.024;4.697;9.96;25.989;5.591;14.998;25.715;5.971;12.257;24.693;3.6;10.897;25.625;3.629;13.25;25.895;2.541;9.94;26.044;2.847;5.569;25.593;3.616;10.299;26.024;2.541;9.94;26.044;3.629;13.25;25.895;3.653;15.362;25.548;4.697;9.96;25.989;5.139;6.309;28.413;5.971;12.257;24.693;6.054;9.802;24.515;3.653;15.362;25.548;3.955;16.248;27.003;5.139;6.309;28.413;5.092;1.477;28.818
3.75;10.188;26.74;3.736;10.787;26.343;2.918;5.483;26.108;3.095;1.646;23.198;4.474;14.72;27.006;5.737;14.882;26.407;1.171;12.234;27.614;1.329;10.187;29.073;1.947;14.948;27.129;1.171;12.234;27.614;3.343;14.768;27.173;1.947;14.948;27.129;3.75;10.188;26.74;4.829;9.846;26.704;5.737;14.882;26.407;6.091;12.162;25.32;3.736;10.787;26.343;3.769;13.141;26.598;2.674;9.832;26.76;2.918;5.483;26.108;3.75;10.188;26.74;2.674;9.832;26.76;3.769;13.141;26.598;3.802;15.249;26.225;4.829;9.846;26.704;5.146;6.203;29.159;6.091;12.162;25.32;6.173;9.72;25.005;3.802;15.249;26.225;4.095;16.159;27.667;5.146;6.203;29.159;4.985;1.405;29.846
3.899;10.117;27.474;3.886;10.719;27.082;3.007;5.422;26.71;3.091;1.932;23.387;4.63;14.66;27.693;5.893;14.808;27.088;1.328;12.184;28.3;1.476;10.163;29.796;2.104;14.895;27.797;1.328;12.184;28.3;3.499;14.714;27.858;2.104;14.895;27.797;3.899;10.117;27.474;4.982;9.782;27.446;5.893;14.808;27.088;6.233;12.089;25.997;3.886;10.719;27.082;3.921;13.076;27.312;2.826;9.755;27.481;3.007;5.422;26.71;3.899;10.117;27.474;2.826;9.755;27.481;3.921;13.076;27.312;3.96;15.177;26.902;4.982;9.782;27.446;5.193;6.024;29.734;6.233;12.089;25.997;6.319;9.655;25.628;3.96;15.177;26.902;4.249;16.11;28.33;5.193;6.024;29.734;4.977;1.195;30.118
4.033;10.104;28.26;4.015;10.703;27.865;3.104;5.399;27.474;3.111;2.339;23.751;4.779;14.652;28.397;6.04;14.784;27.786;1.491;12.173;28.966;1.613;10.122;30.424;2.253;14.893;28.492;1.491;12.173;28.966;3.648;14.715;28.562;2.253;14.893;28.492;4.033;10.104;28.26;5.119;9.78;28.239;6.04;14.784;27.786;6.387;12.044;26.749;4.015;10.703;27.865;4.061;13.064;28.049;2.963;9.73;28.263;3.104;5.399;27.474;4.033;10.104;28.26;2.963;9.73;28.263;4.061;13.064;28.049;4.111;15.156;27.596;5.119;9.78;28.239;5.217;5.948;30.409;6.387;12.044;26.749;6.486;9.606;26.41;4.111;15.156;27.596;4.401;16.115;29.007;5.217;5.948;30.409;4.939;1.108;30.527
4.178;10.167;29.017;4.151;10.762;28.615;3.154;5.424;28.448;3.02;2.711;24.468;4.926;14.718;29.08;6.186;14.832;28.464;1.665;12.211;29.588;1.752;10.087;30.94;2.399;14.949;29.181;1.665;12.211;29.588;3.796;14.785;29.249;2.399;14.949;29.181;4.178;10.167;29.017;5.265;9.848;28.982;6.186;14.832;28.464;6.564;12.055;27.544;4.151;10.762;28.615;4.204;13.126;28.76;3.11;9.789;29.04;3.154;5.424;28.448;4.178;10.167;29.017;3.11;9.789;29.04;4.204;13.126;28.76;4.255;15.21;28.274;5.265;9.848;28.982;5.299;5.885;30.904;6.564;12.055;27.544;6.684;9.605;27.318;4.255;15.21;28.274;4.55;16.183;29.675;5.299;5.885;30.904;4.962;1.059;30.575
4.315;10.259;29.728;4.276;10.847;29.317;3.347;5.475;29.533;3.184;2.993;25.406;5.045;14.808;29.744;6.31;14.908;29.135;1.828;12.257;30.159;1.893;10.05;31.371;2.516;15.019;29.839;1.828;12.257;30.159;3.914;14.875;29.909;2.516;15.019;29.839;4.315;10.259;29.728;5.404;9.948;29.68;6.31;14.908;29.135;6.747;12.089;28.385;4.276;10.847;29.317;4.326;13.212;29.435;3.251;9.872;29.775;3.347;5.475;29.533;4.315;10.259;29.728;3.251;9.872;29.775;4.326;13.212;29.435;4.376;15.292;28.932;5.404;9.948;29.68;5.383;5.86;31.32;6.747;12.089;28.385;6.898;9.63;28.341;4.376;15.292;28.932;4.669;16.267;30.332;5.383;5.86;31.32;4.989;1.078;30.615
4.427;10.401;30.376;4.383;10.983;29.957;3.494;5.624;30.724;3.289;2.999;26.688;5.14;14.947;30.383;6.416;15.041;29.796;1.969;12.351;30.67;2.013;10.069;31.734;2.608;15.134;30.452;1.969;12.351;30.67;4.008;15.009;30.535;2.608;15.134;30.452;4.427;10.401;30.376;5.514;10.087;30.315;6.416;15.041;29.796;6.933;12.188;29.25;4.383;10.983;29.957;4.432;13.348;30.067;3.363;10.018;30.449;3.494;5.624;30.724;4.427;10.401;30.376;3.363;10.018;30.449;4.432;13.348;30.067;4.479;15.429;29.564;5.514;10.087;30.315;5.436;5.877;31.61;6.933;12.188;29.25;7.115;9.739;29.436;4.479;15.429;29.564;4.757;16.387;30.977;5.436;5.877;31.61;4.963;1.161;30.585
4.542;10.544;30.967;4.491;11.121;30.543;3.665;5.839;31.862;3.446;2.747;28.172;5.238;15.09;30.97;6.525;15.183;30.408;2.097;12.468;31.098;2.114;10.123;32.018;2.704;15.265;30.996;2.097;12.468;31.098;4.103;15.148;31.104;2.704;15.265;30.996;4.542;10.544;30.967;5.626;10.223;30.885;6.525;15.183;30.408;7.122;12.311;30.101;4.491;11.121;30.543;4.541;13.487;30.649;3.478;10.167;31.066;3.665;5.839;31.862;4.542;10.544;30.967;3.478;10.167;31.066;4.541;13.487;30.649;4.587;15.565;30.138;5.626;10.223;30.885;5.505;5.923;31.831;7.122;12.311;30.101;7.316;9.899;30.565;4.587;15.565;30.138;4.845;16.521;31.557;5.505;5.923;31.831;4.953;1.264;30.606
4.661;10.63;31.496;4.605;11.213;31.08;3.816;6.011;32.758;3.64;2.408;29.563;5.331;15.184;31.566;6.632;15.289;31.04;2.218;12.541;31.465;2.207;10.133;32.206;2.797;15.345;31.532;2.218;12.541;31.465;4.193;15.231;31.677;2.797;15.345;31.532;4.661;10.63;31.496;5.741;10.304;31.388;6.632;15.289;31.04;7.306;12.419;30.967;4.605;11.213;31.08;4.655;13.577;31.219;3.597;10.259;31.613;3.816;6.011;32.758;4.661;10.63;31.496;3.597;10.259;31.613;4.655;13.577;31.219;4.693;15.66;30.725;5.741;10.304;31.388;5.574;5.934;31.916;7.306;12.419;30.967;7.484;10.079;31.718;4.693;15.66;30.725;4.916;16.601;32.159;5.574;5.934;31.916;4.94;1.333;30.522
4.765;10.654;32.07;4.7;11.24;31.66;3.969;6.171;33.763;3.866;1.905;31.525;5.429;15.212;32.165;6.738;15.324;31.657;2.293;12.59;31.937;2.221;10.154;32.574;2.899;15.385;32.093;2.293;12.59;31.937;4.29;15.256;32.265;2.899;15.385;32.093;4.765;10.654;32.07;5.839;10.323;31.928;6.738;15.324;31.657;7.472;12.472;31.824;4.7;11.24;31.66;4.762;13.603;31.816;3.703;10.287;32.216;3.969;6.171;33.763;4.765;10.654;32.07;3.703;10.287;32.216;4.762;13.603;31.816;4.798;15.684;31.317;5.839;10.323;31.928;5.639;5.926;32.086;7.472;12.472;31.824;7.617;10.244;32.864;4.798;15.684;31.317;5.0;16.625;32.755;5.639;5.926;32.086;4.929;1.388;30.53
4.862;10.6;32.625;4.791;11.193;32.224;4.041;6.216;34.572;4.064;1.543;33.394;5.52;15.164;32.775;6.833;15.289;32.281;2.373;12.562;32.363;2.238;10.09;32.827;2.993;15.342;32.665;2.373;12.562;32.363;4.38;15.201;32.865;2.993;15.342;32.665;4.862;10.6;32.625;5.933;10.269;32.46;6.833;15.289;32.281;7.629;12.476;32.677;4.791;11.193;32.224;4.865;13.553;32.412;3.802;10.234;32.783;4.041;6.216;34.572;4.862;10.6;32.625;3.802;10.234;32.783;4.865;13.553;32.412;4.894;15.637;31.923;5.933;10.269;32.46;5.693;5.875;32.277;7.629;12.476;32.677;7.727;10.395;33.991;4.894;15.637;31.923;5.072;16.571;33.368;5.693;5.875;32.277;4.925;1.416;30.534
4.978;10.474;33.21;4.898;11.071;32.818;4.18;6.176;35.366;4.389;1.362;35.269;5.61;15.046;33.392;6.92;15.181;32.893;2.444;12.461;32.867;2.244;9.967;33.165;3.085;15.222;33.278;2.444;12.461;32.867;4.47;15.074;33.484;3.085;15.222;33.278;4.978;10.474;33.21;6.049;10.152;33.025;6.92;15.181;32.893;7.771;12.422;33.495;4.898;11.071;32.818;4.968;13.429;33.029;3.923;10.099;33.381;4.18;6.176;35.366;4.978;10.474;33.21;3.923;10.099;33.381;4.968;13.429;33.029;4.979;15.514;32.542;6.049;10.152;33.025;5.759;5.784;32.537;7.771;12.422;33.495;7.825;10.512;35.049;4.979;15.514;32.542;5.144;16.449;33.989;5.759;5.784;32.537;4.925;1.439;30.553
5.086;10.332;33.812;5.004;10.932;33.425;4.334;6.099;36.09;4.752;1.348;36.786;5.7;14.909;34.017;7.003;15.047;33.503;2.521;12.337;33.405;2.255;9.835;33.527;3.175;15.079;33.909;2.521;12.337;33.405;4.56;14.929;34.113;3.175;15.079;33.909;5.086;10.332;33.812;6.158;10.014;33.623;7.003;15.047;33.503;7.89;12.34;34.266;5.004;10.932;33.425;5.068;13.289;33.654;4.032;9.953;33.979;4.334;6.099;36.09;5.086;10.332;33.812;4.032;9.953;33.979;5.068;13.289;33.654;5.062;15.374;33.17;6.158;10.014;33.623;5.817;5.687;32.876;7.89;12.34;34.266;7.904;10.593;36.003;5.062;15.374;33.17;5.221;16.306;34.619;5.817;5.687;32.876;4.94;1.503;30.587
5.151;10.205;34.424;5.067;10.806;34.04;4.463;6.023;36.788;5.006;1.36;37.876;5.763;14.784;34.646;7.059;14.925;34.116;2.596;12.206;33.994;2.291;9.705;33.972;3.237;14.94;34.554;2.596;12.206;33.994;4.623;14.797;34.751;3.237;14.94;34.554;5.151;10.205;34.424;6.222;9.888;34.229;7.059;14.925;34.116;7.973;12.255;34.977;5.067;10.806;34.04;5.136;13.161;34.283;4.097;9.825;34.595;4.463;6.023;36.788;5.151;10.205;34.424;4.097;9.825;34.595;5.136;13.161;34.283;5.116;15.248;33.805;6.222;9.888;34.229;5.865;5.599;33.29;7.973;12.255;34.977;7.963;10.626;36.824;5.116;15.248;33.805;5.278;16.171;35.259;5.865;5.599;33.29;4.974;1.621;30.663
5.215;10.111;35.112;5.13;10.714;34.732;4.617;5.909;37.425;5.169;1.193;38.248;5.828;14.696;35.323;7.119;14.837;34.778;2.677;12.114;34.645;2.34;9.621;34.517;3.302;14.846;35.236;2.677;12.114;34.645;4.689;14.706;35.433;3.302;14.846;35.236;5.215;10.111;35.112;6.279;9.785;34.899;7.119;14.837;34.778;8.04;12.179;35.666;5.13;10.714;34.732;5.205;13.07;34.971;4.16;9.739;35.298;4.617;5.909;37.425;5.215;10.111;35.112;4.16;9.739;35.298;5.205;13.07;34.971;5.176;15.154;34.482;6.279;9.785;34.899;5.921;5.532;33.81;8.04;12.179;35.666;8.022;10.598;37.555;5.176;15.154;34.482;5.336;16.078;35.936;5.921;5.532;33.81;5.012;1.843;30.797
5.256;10.076;35.86;5.174;10.676;35.474;4.735;5.911;38.208;5.198;1.136;38.661;5.874;14.67;35.999;7.162;14.807;35.449;2.756;12.062;35.341;2.415;9.571;35.196;3.349;14.809;35.894;2.756;12.062;35.341;4.734;14.677;36.106;3.349;14.809;35.894;5.256;10.076;35.86;6.312;9.732;35.636;7.162;14.807;35.449;8.074;12.135;36.303;5.174;10.676;35.474;5.257;13.035;35.673;4.199;9.723;36.067;4.735;5.911;38.208;5.256;10.076;35.86;4.199;9.723;36.067;5.257;13.035;35.673;5.222;15.111;35.149;6.312;9.732;35.636;5.966;5.489;34.506;8.074;12.135;36.303;8.064;10.521;38.164;5.222;15.111;35.149;5.368;16.051;36.594;5.966;5.489;34.506;5.051;2.19;31.071
5.336;10.111;36.607;5.261;10.71;36.217;4.831;5.84;38.725;5.185;1.035;38.611;5.926;14.713;36.708;7.212;14.852;36.153;2.832;12.071;36.118;2.501;9.577;36.012;3.4;14.837;36.602;2.832;12.071;36.118;4.786;14.713;36.815;3.4;14.837;36.602;5.336;10.111;36.607;6.391;9.759;36.391;7.212;14.852;36.153;8.091;12.135;36.892;5.261;10.71;36.217;5.321;13.072;36.394;4.276;9.766;36.807;4.831;5.84;38.725;5.336;10.111;36.607;4.276;9.766;36.807;5.321;13.072;36.394;5.272;15.143;35.855;6.391;9.759;36.391;6.078;5.484;35.379;8.091;12.135;36.892;8.101;10.406;38.647;5.272;15.143;35.855;5.413;16.086;37.299;6.078;5.484;35.379;5.211;2.648;31.543
5.402;10.197;37.295;5.335;10.79;36.895;4.865;5.83;39.183;5.088;1.051;38.606;5.993;14.791;37.391;7.282;14.926;36.841;2.912;12.135;36.878;2.597;9.636;36.842;3.467;14.915;37.285;2.912;12.135;36.878;4.854;14.792;37.495;3.467;14.915;37.285;5.402;10.197;37.295;6.457;9.835;37.097;7.282;14.926;36.841;8.099;12.152;37.422;5.335;10.79;36.895;5.389;13.152;37.066;4.337;9.861;37.488;4.865;5.83;39.183;5.402;10.197;37.295;4.337;9.861;37.488;5.389;13.152;37.066;5.342;15.226;36.538;6.457;9.835;37.097;6.147;5.494;36.421;8.099;12.152;37.422;8.123;10.263;39.003;5.342;15.226;36.538;5.48;16.149;37.996;6.147;5.494;36.421;5.307;3.05;32.318
5.485;10.309;37.985;5.421;10.89;37.567;4.918;5.832;39.599;5.084;1.113;38.637;6.062;14.896;38.022;7.349;15.018;37.465;2.994;12.21;37.674;2.709;9.709;37.762;3.532;15.009;37.952;2.994;12.21;37.674;4.923;14.894;38.136;3.532;15.009;37.952;5.485;10.309;37.985;6.548;9.952;37.817;7.349;15.018;37.465;8.094;12.196;37.892;5.421;10.89;37.567;5.458;13.254;37.709;4.42;9.967;38.166;4.918;5.832;39.599;5.485;10.309;37.985;4.42;9.967;38.166;5.458;13.254;37.709;5.401;15.326;37.173;6.548;9.952;37.817;6.332;5.554;37.708;8.094;12.196;37.892;8.143;10.154;39.269;5.401;15.326;37.173;5.552;16.248;38.63;6.332;5.554;37.708;5.65;3.151;33.552
5.55;10.457;38.624;5.482;11.031;38.198;4.939;5.856;39.878;5.083;1.207;38.62;6.136;15.036;38.62;7.414;15.148;38.041;3.083;12.338;38.487;2.839;9.841;38.712;3.604;15.151;38.623;3.083;12.338;38.487;5.0;15.039;38.76;3.604;15.151;38.623;5.55;10.457;38.624;6.619;10.112;38.47;7.414;15.148;38.041;8.078;12.284;38.282;5.482;11.031;38.198;5.519;13.396;38.322;4.488;10.104;38.802;4.939;5.856;39.878;5.55;10.457;38.624;4.488;10.104;38.802;5.519;13.396;38.322;5.458;15.468;37.787;6.619;10.112;38.47;6.49;5.733;38.929;8.078;12.284;38.282;8.156;10.099;39.416;5.458;15.468;37.787;5.641;16.38;39.246;6.49;5.733;38.929;5.908;3.127;34.882
5.599;10.596;39.238;5.523;11.169;38.81;4.935;5.899;40.108;5.066;1.314;38.632;6.213;15.168;39.212;7.478;15.275;38.603;3.153;12.495;39.264;2.929;10.009;39.602;3.682;15.31;39.287;3.153;12.495;39.264;5.081;15.18;39.38;3.682;15.31;39.287;5.599;10.596;39.238;6.671;10.264;39.083;7.478;15.275;38.603;8.073;12.386;38.648;5.523;11.169;38.81;5.574;13.534;38.928;4.541;10.232;39.419;4.935;5.899;40.108;5.599;10.596;39.238;4.541;10.232;39.419;5.574;13.534;38.928;5.518;15.607;38.396;6.671;10.264;39.083;6.665;5.968;40.057;8.073;12.386;38.648;8.182;10.089;39.53;5.518;15.607;38.396;5.741;16.505;39.858;6.665;5.968;40.057;6.136;2.81;36.416
5.667;10.678;39.829;5.59;11.252;39.404;4.93;5.922;40.298;5.083;1.398;38.644;6.296;15.249;39.8;7.549;15.361;39.168;3.249;12.596;40.085;3.092;10.145;40.64;3.768;15.408;39.919;3.249;12.596;40.085;5.167;15.266;39.986;3.768;15.408;39.919;5.667;10.678;39.829;6.743;10.354;39.677;7.549;15.361;39.168;8.083;12.464;39.015;5.59;11.252;39.404;5.646;13.617;39.53;4.612;10.305;40.002;4.93;5.922;40.298;5.667;10.678;39.829;4.612;10.305;40.002;5.646;13.617;39.53;5.59;15.689;38.995;6.743;10.354;39.677;6.847;6.176;41.069;8.083;12.464;39.015;8.212;10.086;39.642;5.59;15.689;38.995;5.841;16.585;40.454;6.847;6.176;41.069;6.418;2.309;38.175
5.73;10.67;40.375;5.66;11.249;39.956;4.963;5.899;40.517;5.258;1.394;38.832;6.381;15.238;40.402;7.631;15.372;39.769;3.343;12.616;40.835;3.259;10.214;41.587;3.855;15.417;40.525;3.343;12.616;40.835;5.252;15.258;40.588;3.855;15.417;40.525;5.73;10.67;40.375;6.808;10.348;40.241;7.631;15.372;39.769;8.123;12.487;39.396;5.66;11.249;39.956;5.725;13.612;40.116;4.671;10.294;40.522;4.963;5.899;40.517;5.73;10.67;40.375;4.671;10.294;40.522;5.725;13.612;40.116;5.677;15.689;39.601;6.808;10.348;40.241;7.016;6.294;41.951;8.123;12.487;39.396;8.262;10.054;39.756;5.677;15.689;39.601;5.937;16.575;41.064;7.016;6.294;41.951;6.726;1.817;40.111
5.802;10.578;40.963;5.742;11.165;40.552;4.96;5.828;40.718;5.265;1.419;38.799;6.488;15.15;41.003;7.723;15.29;40.342;3.45;12.582;41.647;3.439;10.265;42.635;3.966;15.354;41.146;3.45;12.582;41.647;5.361;15.176;41.201;3.966;15.354;41.146;5.802;10.578;40.963;6.878;10.248;40.833;7.723;15.29;40.342;8.165;12.426;39.795;5.742;11.165;40.552;5.82;13.526;40.728;4.738;10.211;41.095;4.96;5.828;40.718;5.802;10.578;40.963;4.738;10.211;41.095;5.82;13.526;40.728;5.777;15.602;40.208;6.878;10.248;40.833;7.198;6.289;42.738;8.165;12.426;39.795;8.317;9.971;39.933;5.777;15.602;40.208;6.059;16.493;41.665;7.198;6.289;42.738;7.013;1.498;42.012
5.887;10.451;41.525;5.835;11.044;41.123;4.987;5.743;40.972;5.286;1.441;38.821;6.599;15.021;41.614;7.83;15.171;40.947;3.556;12.504;42.379;3.594;10.264;43.533;4.08;15.248;41.751;3.556;12.504;42.379;5.473;15.051;41.813;4.08;15.248;41.751;5.887;10.451;41.525;6.961;10.112;41.396;7.83;15.171;40.947;8.234;12.337;40.237;5.835;11.044;41.123;5.924;13.402;41.327;4.819;10.092;41.647;4.987;5.743;40.972;5.887;10.451;41.525;4.819;10.092;41.647;5.924;13.402;41.327;5.891;15.483;40.823;6.961;10.112;41.396;7.37;6.222;43.422;8.234;12.337;40.237;8.391;9.879;40.16;5.891;15.483;40.823;6.179;16.37;42.28;7.37;6.222;43.422;7.277;1.38;43.672
5.996;10.323;42.101;5.952;10.919;41.703;5.015;5.664;41.291;5.27;1.51;38.863;6.732;14.886;42.238;7.964;15.039;41.574;3.682;12.414;43.086;3.749;10.24;44.355;4.215;15.134;42.364;3.682;12.414;43.086;5.605;14.921;42.434;4.215;15.134;42.364;5.996;10.323;42.101;7.068;9.977;41.981;7.964;15.039;41.574;8.321;12.238;40.724;5.952;10.919;41.703;6.049;13.275;41.931;4.924;9.972;42.209;5.015;5.664;41.291;5.996;10.323;42.101;4.924;9.972;42.209;6.049;13.275;41.931;6.029;15.361;41.45;7.068;9.977;41.981;7.455;6.171;44.166;8.321;12.238;40.724;8.469;9.794;40.451;6.029;15.361;41.45;6.32;16.239;42.913;7.455;6.171;44.166;7.363;1.437;45.207
6.118;10.208;42.72;6.083;10.81;42.329;5.081;5.603;41.669;5.319;1.673;38.89;6.876;14.773;42.875;8.106;14.924;42.208;3.821;12.334;43.764;3.895;10.197;45.096;4.361;15.038;42.99;3.821;12.334;43.764;5.748;14.812;43.069;4.361;15.038;42.99;6.118;10.208;42.72;7.191;9.86;42.615;8.106;14.924;42.208;8.423;12.146;41.269;6.083;10.81;42.329;6.186;13.165;42.563;5.043;9.859;42.803;5.081;5.603;41.669;6.118;10.208;42.72;5.043;9.859;42.803;6.186;13.165;42.563;6.176;15.252;42.087;7.191;9.86;42.615;7.447;6.025;44.766;8.423;12.146;41.269;8.561;9.721;40.86;6.176;15.252;42.087;6.473;16.133;43.547;7.447;6.025;44.766;7.238;1.335;45.979
6.266;10.16;43.426;6.234;10.765;43.039;5.166;5.584;42.248;5.334;1.97;39.065;7.049;14.725;43.557;8.287;14.864;42.902;3.967;12.308;44.38;3.992;10.151;45.683;4.537;15.015;43.641;3.967;12.308;44.38;5.92;14.773;43.741;4.537;15.015;43.641;6.266;10.16;43.426;7.341;9.815;43.33;8.287;14.864;42.902;8.569;12.099;41.914;6.234;10.765;43.039;6.348;13.122;43.243;5.191;9.808;43.495;5.166;5.584;42.248;6.266;10.16;43.426;5.191;9.808;43.495;6.348;13.122;43.243;6.359;15.208;42.762;7.341;9.815;43.33;7.504;5.906;45.352;8.569;12.099;41.914;8.691;9.689;41.422;6.359;15.208;42.762;6.653;16.096;44.217;7.504;5.906;45.352;7.221;1.154;46.277
6.434;10.156;44.213;6.402;10.758;43.822;5.264;5.573;43.035;5.334;2.408;39.402;7.224;14.724;44.245;8.466;14.848;43.593;4.136;12.315;45.023;4.122;10.131;46.278;4.714;15.029;44.314;4.136;12.315;45.023;6.095;14.781;44.425;4.714;15.029;44.314;6.434;10.156;44.213;7.512;9.817;44.128;8.466;14.848;43.593;8.733;12.072;42.632;6.402;10.758;43.822;6.517;13.12;43.955;5.361;9.798;44.277;5.264;5.573;43.035;6.434;10.156;44.213;5.361;9.798;44.277;6.517;13.12;43.955;6.539;15.198;43.44;7.512;9.817;44.128;7.592;5.843;46.027;8.733;12.072;42.632;8.845;9.657;42.162;6.539;15.198;43.44;6.835;16.107;44.883;7.592;5.843;46.027;7.264;1.031;46.53
6.608;10.222;44.908;6.564;10.82;44.512;5.433;5.582;43.918;5.393;2.888;39.922;7.384;14.786;44.896;8.632;14.891;44.254;4.321;12.355;45.574;4.291;10.105;46.706;4.874;15.099;44.966;4.321;12.355;45.574;6.255;14.848;45.074;4.874;15.099;44.966;6.608;10.222;44.908;7.688;9.894;44.814;8.632;14.891;44.254;8.902;12.086;43.38;6.564;10.82;44.512;6.67;13.185;44.606;5.539;9.853;44.987;5.433;5.582;43.918;6.608;10.222;44.908;5.539;9.853;44.987;6.67;13.185;44.606;6.702;15.262;44.089;7.688;9.894;44.814;7.692;5.836;46.527;8.902;12.086;43.38;9.004;9.651;43.024;6.702;15.262;44.089;7.002;16.17;45.531;7.692;5.836;46.527;7.307;1.003;46.597
6.768;10.302;45.574;6.717;10.894;45.17;5.596;5.58;44.982;5.451;3.138;40.83;7.542;14.853;45.549;8.811;14.938;44.945;4.488;12.41;46.095;4.421;10.096;47.087;5.032;15.179;45.603;4.488;12.41;46.095;6.412;14.923;45.713;5.032;15.179;45.603;6.768;10.302;45.574;7.849;9.977;45.47;8.811;14.938;44.945;9.117;12.102;44.193;6.717;10.894;45.17;6.82;13.259;45.241;5.703;9.929;45.672;5.596;5.58;44.982;6.768;10.302;45.574;5.703;9.929;45.672;6.82;13.259;45.241;6.875;15.339;44.737;7.849;9.977;45.47;7.79;5.827;46.944;9.117;12.102;44.193;9.219;9.649;44.001;6.875;15.339;44.737;7.167;16.241;46.185;7.79;5.827;46.944;7.35;1.01;46.604
6.892;10.419;46.174;6.836;11.005;45.761;5.818;5.648;46.126;5.653;3.163;42.001;7.665;14.958;46.151;8.953;15.027;45.587;4.628;12.495;46.559;4.541;10.125;47.409;5.152;15.286;46.188;4.628;12.495;46.559;6.532;15.031;46.3;5.152;15.286;46.188;6.892;10.419;46.174;7.97;10.092;46.062;8.953;15.027;45.587;9.322;12.159;45.009;6.836;11.005;45.761;6.939;13.37;45.816;5.827;10.049;46.292;5.818;5.648;46.126;6.892;10.419;46.174;5.827;10.049;46.292;6.939;13.37;45.816;7.012;15.455;45.334;7.97;10.092;46.062;7.856;5.855;47.262;9.322;12.159;45.009;9.432;9.698;45.056;7.012;15.455;45.334;7.295;16.339;46.794;7.856;5.855;47.262;7.353;1.08;46.584
7.011;10.557;46.734;6.949;11.137;46.315;6.09;5.807;47.255;5.838;3.04;43.317;7.76;15.089;46.722;9.06;15.158;46.187;4.734;12.594;46.978;4.624;10.172;47.661;5.244;15.404;46.756;4.734;12.594;46.978;6.626;15.157;46.863;5.244;15.404;46.756;7.011;10.557;46.734;8.086;10.222;46.6;9.06;15.158;46.187;9.51;12.267;45.818;6.949;11.137;46.315;7.042;13.503;46.362;5.948;10.194;46.88;6.09;5.807;47.255;7.011;10.557;46.734;5.948;10.194;46.88;7.042;13.503;46.362;7.111;15.594;45.907;8.086;10.222;46.6;7.934;5.917;47.521;9.51;12.267;45.818;9.631;9.83;46.162;7.111;15.594;45.907;7.393;16.455;47.381;7.934;5.917;47.521;7.367;1.195;46.579
7.126;10.686;47.254;7.063;11.266;46.834;6.322;6.056;48.405;6.056;2.605;45.052;7.874;15.213;47.287;9.187;15.292;46.784;4.846;12.703;47.384;4.711;10.245;47.918;5.357;15.52;47.31;4.846;12.703;47.384;6.739;15.274;47.419;5.357;15.52;47.31;7.126;10.686;47.254;8.19;10.331;47.094;9.187;15.292;46.784;9.703;12.394;46.603;7.063;11.266;46.834;7.165;13.631;46.893;6.06;10.343;47.43;6.322;6.056;48.405;7.126;10.686;47.254;6.06;10.343;47.43;7.165;13.631;46.893;7.231;15.73;46.475;8.19;10.331;47.094;7.996;5.971;47.69;9.703;12.394;46.603;9.806;10.015;47.237;7.231;15.73;46.475;7.506;16.563;47.966;7.996;5.971;47.69;7.334;1.301;46.566
7.234;10.758;47.737;7.178;11.34;47.319;6.456;6.32;49.464;6.379;2.103;47.134;7.991;15.282;47.84;9.316;15.379;47.373;4.944;12.764;47.779;4.769;10.282;48.169;5.472;15.579;47.843;4.944;12.764;47.779;6.854;15.335;47.959;5.472;15.579;47.843;7.234;10.758;47.737;8.289;10.382;47.564;9.316;15.379;47.373;9.939;12.497;47.438;7.178;11.34;47.319;7.296;13.703;47.411;6.164;10.436;47.924;6.456;6.32;49.464;7.234;10.758;47.737;6.164;10.436;47.924;7.296;13.703;47.411;7.356;15.809;47.028;8.289;10.382;47.564;8.05;5.993;47.852;9.939;12.497;47.438;10.037;10.241;48.422;7.356;15.809;47.028;7.612;16.622;48.534;8.05;5.993;47.852;7.317;1.376;46.563
7.337;10.723;48.208;7.277;11.315;47.805;6.576;6.39;50.199;6.732;1.729;48.987;8.069;15.256;48.392;9.389;15.383;47.919;5.003;12.726;48.231;4.798;10.227;48.469;5.548;15.53;48.434;5.003;12.726;48.231;6.933;15.294;48.524;5.548;15.53;48.434;7.337;10.723;48.208;8.388;10.349;48.011;9.389;15.383;47.919;10.081;12.525;48.154;7.277;11.315;47.805;7.389;13.677;47.942;6.268;10.4;48.403;6.576;6.39;50.199;7.337;10.723;48.208;6.268;10.4;48.403;7.389;13.677;47.942;7.419;15.79;47.596;8.388;10.349;48.011;8.108;5.953;48.013;10.081;12.525;48.154;10.154;10.428;49.445;7.419;15.79;47.596;7.686;16.584;49.111;8.108;5.953;48.013;7.303;1.396;46.565
7.449;10.61;48.717;7.382;11.213;48.332;6.711;6.336;50.855;7.145;1.537;50.837;8.153;15.156;48.956;9.469;15.307;48.48;5.069;12.633;48.684;4.825;10.128;48.782;5.632;15.422;49.011;5.069;12.633;48.684;7.017;15.183;49.093;5.632;15.422;49.011;7.449;10.61;48.717;8.502;10.251;48.507;9.469;15.307;48.48;10.236;12.491;48.902;7.382;11.213;48.332;7.485;13.573;48.502;6.384;10.272;48.906;6.711;6.336;50.855;7.449;10.61;48.717;6.384;10.272;48.906;7.485;13.573;48.502;7.495;15.688;48.166;8.502;10.251;48.507;8.169;5.867;48.241;10.236;12.491;48.902;10.285;10.605;50.486;7.495;15.688;48.166;7.762;16.486;49.678;8.169;5.867;48.241;7.293;1.4;46.57
7.563;10.474;49.222;7.494;11.087;48.852;6.866;6.249;51.459;7.542;1.587;52.476;8.238;15.028;49.526;9.553;15.195;49.052;5.144;12.522;49.13;4.858;10.02;49.081;5.718;15.292;49.578;5.144;12.522;49.13;7.101;15.047;49.658;5.718;15.292;49.578;7.563;10.474;49.222;8.624;10.133;49.014;9.553;15.195;49.052;10.386;12.425;49.628;7.494;11.087;48.852;7.581;13.445;49.058;6.5;10.12;49.39;6.866;6.249;51.459;7.563;10.474;49.222;6.5;10.12;49.39;7.581;13.445;49.058;7.579;15.561;48.736;8.624;10.133;49.014;8.234;5.772;48.531;10.386;12.425;49.628;10.412;10.749;51.433;7.579;15.561;48.736;7.834;16.363;50.249;8.234;5.772;48.531;7.3;1.433;46.579
7.659;10.323;49.808;7.587;10.941;49.449;7.095;6.148;52.119;7.983;1.694;53.73;8.33;14.881;50.139;9.645;15.042;49.662;5.224;12.405;49.645;4.887;9.916;49.448;5.811;15.153;50.197;5.224;12.405;49.645;7.194;14.9;50.271;5.811;15.153;50.197;7.659;10.323;49.808;8.722;9.992;49.597;9.645;15.042;49.662;10.514;12.31;50.356;7.587;10.941;49.449;7.672;13.298;49.668;6.598;9.959;49.967;7.095;6.148;52.119;7.659;10.323;49.808;6.598;9.959;49.967;7.672;13.298;49.668;7.671;15.415;49.351;8.722;9.992;49.597;8.293;5.66;48.926;10.514;12.31;50.356;10.531;10.821;52.318;7.671;15.415;49.351;7.916;16.228;50.858;8.293;5.66;48.926;7.31;1.511;46.617
7.737;10.228;50.41;7.671;10.85;50.055;7.234;6.079;52.735;8.201;1.688;54.468;8.407;14.792;50.73;9.714;14.94;50.23;5.282;12.33;50.213;4.9;9.856;49.938;5.889;15.066;50.806;5.282;12.33;50.213;7.271;14.809;50.87;5.889;15.066;50.806;7.737;10.228;50.41;8.798;9.891;50.198;9.714;14.94;50.23;10.586;12.214;50.945;7.671;10.85;50.055;7.749;13.207;50.266;6.673;9.871;50.564;7.234;6.079;52.735;7.737;10.228;50.41;6.673;9.871;50.564;7.749;13.207;50.266;7.741;15.324;49.946;8.798;9.891;50.198;8.342;5.58;49.415;10.586;12.214;50.945;10.615;10.85;52.996;7.741;15.324;49.946;7.981;16.144;51.45;8.342;5.58;49.415;7.332;1.681;46.714
7.83;10.144;51.119;7.764;10.765;50.763;7.395;6.001;53.43;8.407;1.555;54.991;8.466;14.723;51.361;9.763;14.863;50.832;5.343;12.258;50.827;4.943;9.792;50.498;5.949;14.987;51.45;5.343;12.258;50.827;7.332;14.732;51.513;5.949;14.987;51.45;7.83;10.144;51.119;8.885;9.796;50.896;9.763;14.863;50.832;10.624;12.117;51.479;7.764;10.765;50.763;7.817;13.127;50.923;6.764;9.796;51.286;7.395;6.001;53.43;7.83;10.144;51.119;6.764;9.796;51.286;7.817;13.127;50.923;7.788;15.24;50.577;8.885;9.796;50.896;8.43;5.497;50.053;10.624;12.117;51.479;10.694;10.779;53.546;7.788;15.24;50.577;8.028;16.087;52.067;8.43;5.497;50.053;7.397;1.967;46.893
7.93;10.134;51.846;7.871;10.754;51.488;7.522;5.915;53.988;8.479;1.306;55.016;8.538;14.723;52.032;9.839;14.85;51.509;5.437;12.247;51.463;5.06;9.778;51.137;6.02;14.98;52.092;5.437;12.247;51.463;7.402;14.726;52.175;6.02;14.98;52.092;7.93;10.134;51.846;8.979;9.77;51.618;9.839;14.85;51.509;10.663;12.072;52.063;7.871;10.754;51.488;7.902;13.119;51.605;6.861;9.802;52.023;7.522;5.915;53.988;7.93;10.134;51.846;6.861;9.802;52.023;7.902;13.119;51.605;7.862;15.228;51.238;8.979;9.77;51.618;8.534;5.457;50.843;10.663;12.072;52.063;10.749;10.669;54.086;7.862;15.228;51.238;8.076;16.101;52.717;8.534;5.457;50.843;7.489;2.404;47.223
8.016;10.19;52.569;7.961;10.799;52.191;7.63;5.924;54.588;8.532;1.227;55.174;8.602;14.775;52.669;9.914;14.884;52.171;5.525;12.292;52.091;5.189;9.81;51.821;6.085;15.036;52.694;5.525;12.292;52.091;7.465;14.778;52.798;6.085;15.036;52.694;8.016;10.19;52.569;9.066;9.818;52.361;9.914;14.884;52.171;10.685;12.065;52.57;7.961;10.799;52.191;7.973;13.167;52.246;6.944;9.866;52.745;7.63;5.924;54.588;8.016;10.19;52.569;6.944;9.866;52.745;7.973;13.167;52.246;7.936;15.273;51.863;9.066;9.818;52.361;8.743;5.449;51.9;10.685;12.065;52.57;10.783;10.499;54.469;7.936;15.273;51.863;8.119;16.166;53.334;8.743;5.449;51.9;7.808;2.796;47.95
8.083;10.289;53.23;8.033;10.889;52.837;7.703;5.931;55.017;8.525;1.183;55.09;8.674;14.862;53.277;9.998;14.948;52.806;5.617;12.362;52.782;5.342;9.861;52.649;6.157;15.128;53.294;5.617;12.362;52.782;7.536;14.87;53.399;6.157;15.128;53.294;8.083;10.289;53.23;9.134;9.911;53.042;9.998;14.948;52.806;10.7;12.091;53.012;8.033;10.889;52.837;8.042;13.257;52.849;7.01;9.971;53.405;7.703;5.931;55.017;8.083;10.289;53.23;7.01;9.971;53.405;8.042;13.257;52.849;8.015;15.363;52.467;9.134;9.911;53.042;8.874;5.514;52.969;10.7;12.091;53.012;10.799;10.323;54.725;8.015;15.363;52.467;8.183;16.264;53.936;8.874;5.514;52.969;7.998;3.208;48.795
8.152;10.422;53.823;8.101;11.009;53.411;7.75;5.962;55.356;8.519;1.213;55.083;8.739;14.979;53.821;10.073;15.048;53.376;5.693;12.456;53.47;5.486;9.947;53.532;6.22;15.247;53.842;5.693;12.456;53.47;7.601;14.991;53.94;6.22;15.247;53.842;8.152;10.422;53.823;9.21;10.051;53.66;10.073;15.048;53.376;10.713;12.168;53.367;8.101;11.009;53.411;8.103;13.378;53.387;7.08;10.096;53.991;7.75;5.962;55.356;8.152;10.422;53.823;7.08;10.096;53.991;8.103;13.378;53.387;8.084;15.485;53.011;9.21;10.051;53.66;9.104;5.675;54.148;10.713;12.168;53.367;10.816;10.197;54.84;8.084;15.485;53.011;8.244;16.387;54.479;9.104;5.675;54.148;8.318;3.203;50.051
8.226;10.57;54.386;8.17;11.146;53.961;7.788;6.021;55.676;8.495;1.288;55.112;8.811;15.113;54.346;10.14;15.166;53.886;5.77;12.564;54.27;5.642;10.066;54.571;6.29;15.375;54.435;5.77;12.564;54.27;7.675;15.126;54.489;6.29;15.375;54.435;8.226;10.57;54.386;9.29;10.209;54.242;10.14;15.166;53.886;10.704;12.28;53.654;8.17;11.146;53.961;8.162;13.514;53.921;7.156;10.234;54.553;7.788;6.021;55.676;8.226;10.57;54.386;7.156;10.234;54.553;8.162;13.514;53.921;8.14;15.623;53.551;9.29;10.209;54.242;9.32;5.924;55.266;10.704;12.28;53.654;10.824;10.146;54.879;8.14;15.623;53.551;8.323;16.532;55.012;9.32;5.924;55.266;8.607;2.912;51.533
8.276;10.672;54.939;8.217;11.243;54.508;7.823;6.037;55.915;8.483;1.343;55.051;8.884;15.205;54.868;10.205;15.252;54.386;5.84;12.671;55.024;5.805;10.217;55.59;6.367;15.486;54.991;5.84;12.671;55.024;7.75;15.228;55.025;6.367;15.486;54.991;8.276;10.672;54.939;9.347;10.324;54.807;10.205;15.252;54.386;10.703;12.384;53.907;8.217;11.243;54.508;8.216;13.611;54.453;7.21;10.322;55.1;7.823;6.037;55.915;8.276;10.672;54.939;7.21;10.322;55.1;8.216;13.611;54.453;8.207;15.719;54.081;9.347;10.324;54.807;9.54;6.158;56.226;10.703;12.384;53.907;10.834;10.121;54.871;8.207;15.719;54.081;8.408;16.636;55.535;9.54;6.158;56.226;8.965;2.496;53.1
8.355;10.72;55.453;8.305;11.293;55.022;7.834;6.021;56.059;8.46;1.382;54.916;8.993;15.247;55.412;10.315;15.293;54.931;5.938;12.742;55.727;5.998;10.367;56.562;6.477;15.547;55.516;5.938;12.742;55.727;7.858;15.278;55.561;6.477;15.547;55.516;8.355;10.72;55.453;9.43;10.377;55.35;10.315;15.293;54.931;10.744;12.471;54.188;8.305;11.293;55.022;8.315;13.661;54.983;7.286;10.366;55.584;7.834;6.021;56.059;8.355;10.72;55.453;7.286;10.366;55.584;8.315;13.661;54.983;8.326;15.771;54.624;9.43;10.377;55.35;9.711;6.328;57.06;10.744;12.471;54.188;10.85;10.103;54.858;8.326;15.771;54.624;8.518;16.694;56.075;9.711;6.328;57.06;9.322;2.057;54.797
8.44;10.676;55.995;8.403;11.252;55.567;7.848;5.947;56.25;8.448;1.364;54.887;9.077;15.209;55.973;10.399;15.263;55.494;6.013;12.719;56.464;6.162;10.469;57.586;6.559;15.499;56.041;6.013;12.719;56.464;7.94;15.238;56.109;6.559;15.499;56.041;8.44;10.676;55.995;9.517;10.331;55.921;10.399;15.263;55.494;10.79;12.504;54.529;8.403;11.252;55.567;8.407;13.62;55.542;7.367;10.323;56.092;7.848;5.947;56.25;8.44;10.676;55.995;7.367;10.323;56.092;8.407;13.62;55.542;8.418;15.729;55.175;9.517;10.331;55.921;9.894;6.359;57.788;10.79;12.504;54.529;10.893;10.075;54.93;8.418;15.729;55.175;8.596;16.681;56.609;9.894;6.359;57.788;9.689;1.687;56.508
8.534;10.594;56.499;8.515;11.175;56.077;7.88;5.871;56.433;8.473;1.348;54.879;9.199;15.131;56.506;10.519;15.189;56.022;6.112;12.685;57.171;6.356;10.611;58.58;6.68;15.42;56.539;6.112;12.685;57.171;8.061;15.165;56.629;6.68;15.42;56.539;8.534;10.594;56.499;9.608;10.237;56.447;10.519;15.189;56.022;10.857;12.505;54.847;8.515;11.175;56.077;8.529;13.543;56.072;7.455;10.253;56.566;7.88;5.871;56.433;8.534;10.594;56.499;7.455;10.253;56.566;8.529;13.543;56.072;8.552;15.651;55.699;9.608;10.237;56.447;10.051;6.315;58.402;10.857;12.505;54.847;10.942;10.048;54.997;8.552;15.651;55.699;8.723;16.626;57.118;10.051;6.315;58.402;9.96;1.473;58.143
8.638;10.474;57.053;8.628;11.056;56.63;7.95;5.766;56.771;8.498;1.344;54.935;9.3;15.015;57.074;10.622;15.074;56.594;6.206;12.589;57.846;6.551;10.731;59.512;6.778;15.28;57.05;6.206;12.589;57.846;8.161;15.047;57.178;6.778;15.28;57.05;8.638;10.474;57.053;9.711;10.111;57.012;10.622;15.074;56.594;10.922;12.465;55.251;8.628;11.056;56.63;8.642;13.424;56.634;7.557;10.14;57.106;7.95;5.766;56.771;8.638;10.474;57.053;7.557;10.14;57.106;8.642;13.424;56.634;8.665;15.531;56.254;9.711;10.111;57.012;10.153;6.226;59.041;10.922;12.465;55.251;10.993;10.004;55.168;8.665;15.531;56.254;8.813;16.526;57.663;10.153;6.226;59.041;10.086;1.415;59.644
8.769;10.413;57.576;8.77;10.997;57.156;7.972;5.727;57.056;8.415;1.442;54.895;9.447;14.961;57.588;10.775;15.0;57.123;6.495;12.5;58.429;7.087;10.958;60.33;6.919;15.173;57.492;6.495;12.5;58.429;8.305;14.993;57.662;6.919;15.173;57.492;8.769;10.413;57.576;9.84;10.042;57.552;10.775;15.0;57.123;11.038;12.429;55.701;8.77;10.997;57.156;8.8;13.365;57.15;7.685;10.087;57.61;7.972;5.727;57.056;8.769;10.413;57.576;7.685;10.087;57.61;8.8;13.365;57.15;8.832;15.467;56.746;9.84;10.042;57.552;10.218;6.127;59.535;11.038;12.429;55.701;11.082;9.978;55.458;8.832;15.467;56.746;8.941;16.472;58.151;10.218;6.127;59.535;10.096;1.362;60.427
8.925;10.351;58.19;8.932;10.934;57.77;8.068;5.684;57.516;8.419;1.617;54.955;9.614;14.904;58.166;10.939;14.929;57.69;6.678;12.415;59.056;7.299;10.986;61.035;7.083;15.068;58.055;6.678;12.415;59.056;8.472;14.934;58.236;7.083;15.068;58.055;8.925;10.351;58.19;9.994;9.977;58.181;10.939;14.929;57.69;11.165;12.374;56.234;8.932;10.934;57.77;8.974;13.302;57.742;7.839;10.027;58.21;8.068;5.684;57.516;8.925;10.351;58.19;7.839;10.027;58.21;8.974;13.302;57.742;9.002;15.4;57.317;9.994;9.977;58.181;10.218;5.968;59.99;11.165;12.374;56.234;11.2;9.935;55.889;9.002;15.4;57.317;9.097;16.423;58.71;10.218;5.968;59.99;9.93;1.167;60.612
