-1.062;9.959;-0.052;-1.626;5.644;-0.728;2.045;15.063;0.198;2.565;12.231;-0.442;0.0;10.351;0.0;1.092;10.055;-0.058;0.0;10.351;0.0;-0.029;10.997;-0.314;-0.45;14.934;0.564;-1.834;14.919;0.308;2.565;12.231;-0.442;2.549;9.787;-0.132;0.673;5.713;-0.67;0.081;1.174;-2.27;0.0;10.351;0.0;-1.062;9.959;-0.052;0.694;14.916;0.568;2.045;15.063;0.198;1.092;10.055;-0.058;0.673;5.713;-0.67;0.133;15.463;-0.285;0.212;16.273;1.242;-2.563;12.149;0.335;-2.614;9.702;0.931;-1.834;14.919;0.308;-2.563;12.149;0.335;-0.029;10.997;-0.314;0.1;13.342;-0.003;0.1;13.342;-0.003;0.133;15.463;-0.285;-1.626;5.644;-0.728;-1.52;1.023;-2.094
-1.029;9.978;0.096;-1.603;5.677;-0.664;2.098;15.053;0.458;2.641;12.23;-0.201;0.038;10.357;0.149;1.126;10.048;0.087;0.038;10.357;0.149;0.015;11.005;-0.159;-0.398;14.922;0.802;-1.78;14.923;0.532;2.641;12.23;-0.201;2.614;9.792;0.151;0.697;5.72;-0.61;0.095;1.218;-2.308;0.038;10.357;0.149;-1.029;9.978;0.096;0.746;14.901;0.821;2.098;15.053;0.458;1.126;10.048;0.087;0.697;5.72;-0.61;0.198;15.468;-0.027;0.262;16.256;1.512;-2.528;12.158;0.473;-2.618;9.694;0.985;-1.78;14.923;0.532;-2.528;12.158;0.473;0.015;11.005;-0.159;0.155;13.341;0.208;0.155;13.341;0.208;0.198;15.468;-0.027;-1.603;5.677;-0.664;-1.506;1.088;-2.132
-1.004;9.976;0.273;-1.587;5.692;-0.571;2.138;15.032;0.732;2.708;12.214;0.075;0.066;10.344;0.328;1.151;10.025;0.264;0.066;10.344;0.328;0.05;10.995;0.025;-0.357;14.891;1.063;-1.738;14.902;0.787;2.708;12.214;0.075;2.667;9.79;0.513;0.714;5.712;-0.519;0.1;1.249;-2.311;0.066;10.344;0.328;-1.004;9.976;0.273;0.787;14.868;1.092;2.138;15.032;0.732;1.151;10.025;0.264;0.714;5.712;-0.519;0.246;15.453;0.25;0.302;16.222;1.8;-2.504;12.147;0.636;-2.64;9.666;1.049;-1.738;14.902;0.787;-2.504;12.147;0.636;0.05;10.995;0.025;0.2;13.321;0.443;0.2;13.321;0.443;0.246;15.453;0.25;-1.587;5.692;-0.571;-1.5;1.136;-2.139
-0.98;9.96;0.473;-1.573;5.697;-0.462;2.181;15.0;1.03;2.787;12.185;0.393;0.093;10.319;0.532;1.176;9.991;0.465;0.093;10.319;0.532;0.083;10.972;0.234;-0.312;14.843;1.358;-1.692;14.869;1.082;2.787;12.185;0.393;2.73;9.786;0.952;0.73;5.697;-0.411;0.105;1.279;-2.31;0.093;10.319;0.532;-0.98;9.96;0.473;0.832;14.82;1.391;2.181;15.0;1.03;1.176;9.991;0.465;0.73;5.697;-0.411;0.296;15.423;0.56;0.348;16.169;2.121;-2.486;12.129;0.821;-2.683;9.634;1.105;-1.692;14.869;1.082;-2.486;12.129;0.821;0.083;10.972;0.234;0.248;13.288;0.705;0.248;13.288;0.705;0.296;15.423;0.56;-1.573;5.697;-0.462;-1.494;1.182;-2.146
-0.95;9.919;0.731;-1.559;5.684;-0.317;2.226;14.951;1.364;2.87;12.136;0.763;0.125;10.271;0.794;1.206;9.938;0.723;0.125;10.271;0.794;0.119;10.928;0.504;-0.26;14.773;1.71;-1.644;14.812;1.453;2.87;12.136;0.763;2.803;9.778;1.473;0.744;5.671;-0.267;0.107;1.319;-2.31;0.125;10.271;0.794;-0.95;9.919;0.731;0.884;14.75;1.737;2.226;14.951;1.364;1.206;9.938;0.723;0.744;5.671;-0.267;0.343;15.37;0.921;0.405;16.096;2.491;-2.471;12.094;1.09;-2.728;9.593;1.245;-1.644;14.812;1.453;-2.471;12.094;1.09;0.119;10.928;0.504;0.297;13.232;1.024;0.297;13.232;1.024;0.343;15.37;0.921;-1.559;5.684;-0.317;-1.492;1.229;-2.152
-0.9;9.858;1.02;-1.518;5.655;-0.143;2.274;14.887;1.737;2.961;12.075;1.173;0.176;10.207;1.09;1.257;9.873;1.02;0.176;10.207;1.09;0.172;10.867;0.805;-0.212;14.694;2.059;-1.592;14.743;1.786;2.961;12.075;1.173;2.877;9.759;2.009;0.786;5.635;-0.088;0.155;1.363;-2.294;0.176;10.207;1.09;-0.9;9.858;1.02;0.932;14.67;2.099;2.274;14.887;1.737;1.257;9.873;1.02;0.786;5.635;-0.088;0.4;15.302;1.287;0.452;16.008;2.866;-2.44;12.046;1.323;-2.758;9.548;1.361;-1.592;14.743;1.786;-2.44;12.046;1.323;0.172;10.867;0.805;0.354;13.163;1.356;0.354;13.163;1.356;0.4;15.302;1.287;-1.518;5.655;-0.143;-1.443;1.274;-2.148
-0.86;9.78;1.362;-1.498;5.617;0.072;2.312;14.806;2.143;3.047;11.991;1.653;0.217;10.126;1.431;1.296;9.789;1.353;0.217;10.126;1.431;0.213;10.788;1.152;-0.173;14.598;2.454;-1.551;14.657;2.172;3.047;11.991;1.653;2.952;9.731;2.629;0.807;5.59;0.116;0.172;1.425;-2.285;0.217;10.126;1.431;-0.86;9.78;1.362;0.971;14.575;2.5;2.312;14.806;2.143;1.296;9.789;1.353;0.807;5.59;0.116;0.443;15.217;1.694;0.496;15.898;3.284;-2.411;11.985;1.605;-2.783;9.496;1.515;-1.551;14.657;2.172;-2.411;11.985;1.605;0.213;10.788;1.152;0.398;13.077;1.734;0.398;13.077;1.734;0.443;15.217;1.694;-1.498;5.617;0.072;-1.424;1.338;-2.142
-0.827;9.703;1.752;-1.49;5.579;0.354;2.355;14.714;2.593;3.127;11.899;2.167;0.253;10.041;1.812;1.329;9.697;1.72;0.253;10.041;1.812;0.251;10.706;1.54;-0.132;14.499;2.885;-1.508;14.57;2.592;3.127;11.899;2.167;3.018;9.683;3.236;0.815;5.536;0.37;0.177;1.505;-2.248;0.253;10.041;1.812;-0.827;9.703;1.752;1.011;14.475;2.938;2.355;14.714;2.593;1.329;9.697;1.72;0.815;5.536;0.37;0.489;15.127;2.135;0.542;15.787;3.734;-2.376;11.927;1.913;-2.798;9.454;1.687;-1.508;14.57;2.592;-2.376;11.927;1.913;0.251;10.706;1.54;0.442;12.987;2.15;0.442;12.987;2.15;0.489;15.127;2.135;-1.49;5.579;0.354;-1.415;1.43;-2.096
-0.791;9.64;2.215;-1.471;5.557;0.708;2.386;14.641;3.072;3.18;11.823;2.709;0.292;9.971;2.26;1.364;9.622;2.145;0.292;9.971;2.26;0.289;10.638;1.994;-0.102;14.424;3.357;-1.476;14.496;3.06;3.18;11.823;2.709;3.068;9.637;3.839;0.836;5.502;0.678;0.196;1.647;-2.192;0.292;9.971;2.26;-0.791;9.64;2.215;1.041;14.402;3.412;2.386;14.641;3.072;1.364;9.622;2.145;0.836;5.502;0.678;0.519;15.056;2.611;0.577;15.706;4.214;-2.338;11.87;2.308;-2.785;9.412;1.987;-1.476;14.496;3.06;-2.338;11.87;2.308;0.289;10.638;1.994;0.478;12.915;2.617;0.478;12.915;2.617;0.519;15.056;2.611;-1.471;5.557;0.708;-1.39;1.588;-2.024
-0.764;9.617;2.733;-1.485;5.575;1.136;2.424;14.589;3.611;3.218;11.769;3.269;0.325;9.93;2.757;1.388;9.566;2.613;0.325;9.93;2.757;0.326;10.601;2.501;-0.068;14.379;3.883;-1.441;14.454;3.584;3.218;11.769;3.269;3.11;9.573;4.379;0.82;5.488;1.048;0.16;1.886;-2.13;0.325;9.93;2.757;-0.764;9.617;2.733;1.075;14.359;3.942;2.424;14.589;3.611;1.388;9.566;2.613;0.82;5.488;1.048;0.554;15.014;3.141;0.616;15.661;4.745;-2.289;11.845;2.762;-2.751;9.402;2.354;-1.441;14.454;3.584;-2.289;11.845;2.762;0.326;10.601;2.501;0.516;12.874;3.14;0.516;12.874;3.14;0.554;15.014;3.141;-1.485;5.575;1.136;-1.42;1.865;-1.938
-0.724;9.645;3.315;-1.469;5.607;1.719;2.455;14.598;4.189;3.239;11.779;3.821;0.37;9.942;3.325;1.426;9.563;3.164;0.37;9.942;3.325;0.377;10.614;3.071;-0.04;14.391;4.451;-1.414;14.463;4.151;3.239;11.779;3.821;3.152;9.54;4.845;0.835;5.49;1.595;0.221;2.214;-1.927;0.37;9.942;3.325;-0.724;9.645;3.315;1.103;14.376;4.511;2.455;14.598;4.189;1.426;9.563;3.164;0.835;5.49;1.595;0.58;15.029;3.71;0.645;15.678;5.312;-2.236;11.862;3.277;-2.695;9.432;2.8;-1.414;14.463;4.151;-2.236;11.862;3.277;0.377;10.614;3.071;0.552;12.888;3.71;0.552;12.888;3.71;0.58;15.029;3.71;-1.469;5.607;1.719;-1.353;2.233;-1.719
-0.688;9.713;3.924;-1.469;5.633;2.46;2.479;14.655;4.763;3.244;11.838;4.339;0.41;9.997;3.932;1.461;9.603;3.776;0.41;9.997;3.932;0.426;10.667;3.673;-0.018;14.453;5.022;-1.393;14.518;4.727;3.244;11.838;4.339;3.187;9.543;5.233;0.834;5.488;2.337;0.324;2.615;-1.536;0.41;9.997;3.932;-0.688;9.713;3.924;1.125;14.443;5.082;2.479;14.655;4.763;1.461;9.603;3.776;0.834;5.488;2.337;0.6;15.089;4.276;0.671;15.746;5.875;-2.183;11.909;3.846;-2.621;9.479;3.352;-1.393;14.518;4.727;-2.183;11.909;3.846;0.426;10.667;3.673;0.58;12.948;4.29;0.58;12.948;4.29;0.6;15.089;4.276;-1.469;5.633;2.46;-1.248;2.668;-1.332
-0.654;9.816;4.522;-1.436;5.644;3.345;2.506;14.749;5.303;3.239;11.935;4.811;0.444;10.096;4.538;1.496;9.697;4.401;0.444;10.096;4.538;0.465;10.761;4.266;0.008;14.56;5.582;-1.372;14.613;5.309;3.239;11.935;4.811;3.214;9.591;5.566;0.87;5.493;3.247;0.517;3.014;-0.905;0.444;10.096;4.538;-0.654;9.816;4.522;1.151;14.553;5.632;2.506;14.749;5.303;1.496;9.697;4.401;0.87;5.493;3.247;0.618;15.192;4.827;0.709;15.853;6.424;-2.138;11.982;4.475;-2.549;9.539;4.018;-1.372;14.613;5.309;-2.138;11.982;4.475;0.465;10.761;4.266;0.603;13.051;4.856;0.603;13.051;4.856;0.618;15.192;4.827;-1.436;5.644;3.345;-1.056;3.088;-0.722
-0.572;9.911;5.162;-1.177;5.587;4.573;2.552;14.868;5.795;3.232;12.055;5.225;0.52;10.21;5.184;1.581;9.825;5.079;0.52;10.21;5.184;0.535;10.865;4.888;0.057;14.692;6.118;-1.329;14.729;5.874;3.232;12.055;5.225;3.227;9.671;5.847;1.134;5.479;4.513;0.945;3.117;0.282;0.52;10.21;5.184;-0.572;9.911;5.162;1.201;14.69;6.15;2.552;14.868;5.795;1.581;9.825;5.079;1.134;5.479;4.513;0.652;15.312;5.342;0.767;15.987;6.931;-2.083;12.065;5.141;-2.465;9.601;4.784;-1.329;14.729;5.874;-2.083;12.065;5.141;0.535;10.865;4.888;0.646;13.173;5.409;0.646;13.173;5.409;0.652;15.312;5.342;-1.177;5.587;4.573;-0.63;3.198;0.424
-0.524;10.007;5.74;-1.056;5.635;5.693;2.595;14.979;6.214;3.22;12.17;5.566;0.565;10.321;5.756;1.63;9.947;5.661;0.565;10.321;5.756;0.571;10.969;5.445;0.112;14.816;6.626;-1.281;14.846;6.429;3.22;12.17;5.566;3.234;9.763;6.088;1.258;5.558;5.631;1.017;3.154;1.427;0.565;10.321;5.756;-0.524;10.007;5.74;1.257;14.815;6.62;2.595;14.979;6.214;1.63;9.947;5.661;1.258;5.558;5.631;0.681;15.425;5.822;0.84;16.11;7.403;-2.039;12.15;5.828;-2.384;9.664;5.607;-1.281;14.846;6.429;-2.039;12.15;5.828;0.571;10.969;5.445;0.679;13.287;5.92;0.679;13.287;5.92;0.681;15.425;5.822;-1.056;5.635;5.693;-0.557;3.229;1.547
-0.476;10.1;6.288;-0.874;5.748;6.841;2.641;15.09;6.618;3.215;12.29;5.889;0.607;10.432;6.298;1.678;10.074;6.21;0.607;10.432;6.298;0.603;11.074;5.974;0.175;14.939;7.118;-1.225;14.975;6.97;3.215;12.29;5.889;3.241;9.865;6.322;1.441;5.713;6.779;1.185;2.817;2.898;0.607;10.432;6.298;-0.476;10.1;6.288;1.318;14.934;7.074;2.641;15.09;6.618;1.678;10.074;6.21;1.441;5.713;6.779;0.718;15.535;6.287;0.923;16.229;7.859;-2.004;12.251;6.548;-2.304;9.75;6.522;-1.225;14.975;6.97;-2.004;12.251;6.548;0.603;11.074;5.974;0.713;13.398;6.415;0.713;13.398;6.415;0.718;15.535;6.287;-0.874;5.748;6.841;-0.389;2.879;2.999
-0.409;10.174;6.848;-0.642;5.926;7.991;2.695;15.188;7.05;3.219;12.402;6.233;0.667;10.529;6.855;1.746;10.192;6.776;0.667;10.529;6.855;0.651;11.165;6.521;0.244;15.049;7.622;-1.158;15.096;7.511;3.219;12.402;6.233;3.251;9.962;6.568;1.673;5.942;7.933;1.455;2.456;4.569;0.667;10.529;6.855;-0.409;10.174;6.848;1.386;15.038;7.548;2.695;15.188;7.05;1.746;10.192;6.776;1.673;5.942;7.933;0.768;15.63;6.768;1.009;16.335;8.33;-1.96;12.356;7.281;-2.206;9.857;7.472;-1.158;15.096;7.511;-1.96;12.356;7.281;0.651;11.165;6.521;0.757;13.496;6.928;0.757;13.496;6.928;0.768;15.63;6.768;-0.642;5.926;7.991;-0.121;2.496;4.647
-0.357;10.194;7.385;-0.406;6.087;8.977;2.744;15.224;7.5;3.232;12.452;6.619;0.714;10.564;7.392;1.797;10.242;7.318;0.714;10.564;7.392;0.689;11.197;7.053;0.309;15.095;8.131;-1.095;15.157;8.05;3.232;12.452;6.619;3.27;10.002;6.875;1.909;6.141;8.92;1.764;2.063;6.299;0.714;10.564;7.392;-0.357;10.194;7.385;1.449;15.077;8.032;2.744;15.224;7.5;1.797;10.242;7.318;1.909;6.141;8.92;0.816;15.664;7.259;1.091;16.38;8.81;-1.91;12.411;8.001;-2.082;9.931;8.404;-1.095;15.157;8.05;-1.91;12.411;8.001;0.689;11.197;7.053;0.797;13.531;7.444;0.797;13.531;7.444;0.816;15.664;7.259;-0.406;6.087;8.977;0.186;2.09;6.35
-0.289;10.139;7.94;-0.181;6.169;9.846;2.824;15.173;7.986;3.273;12.42;7.028;0.781;10.51;7.947;1.865;10.188;7.873;0.781;10.51;7.947;0.756;11.142;7.608;0.401;15.053;8.663;-1.003;15.136;8.604;3.273;12.42;7.028;3.311;9.961;7.184;2.134;6.228;9.783;2.011;1.663;8.152;0.781;10.51;7.947;-0.289;10.139;7.94;1.539;15.027;8.543;2.824;15.173;7.986;1.865;10.188;7.873;2.134;6.228;9.783;0.897;15.608;7.775;1.197;16.344;9.312;-1.843;12.402;8.755;-1.942;9.967;9.394;-1.003;15.136;8.604;-1.843;12.402;8.755;0.756;11.142;7.608;0.869;13.478;7.986;0.869;13.478;7.986;0.897;15.608;7.775;-0.181;6.169;9.846;0.431;1.693;8.171
-0.227;10.037;8.493;-0.009;6.168;10.588;2.908;15.06;8.501;3.326;12.324;7.479;0.847;10.398;8.495;1.927;10.066;8.415;0.847;10.398;8.495;0.826;11.031;8.157;0.488;14.953;9.188;-0.915;15.053;9.128;3.326;12.324;7.479;3.358;9.862;7.528;2.307;6.208;10.506;2.18;1.393;9.944;0.847;10.398;8.495;-0.227;10.037;8.493;1.625;14.919;9.064;2.908;15.06;8.501;1.927;10.066;8.415;2.307;6.208;10.506;0.983;15.496;8.293;1.292;16.251;9.819;-1.764;12.333;9.414;-1.79;9.952;10.235;-0.915;15.053;9.128;-1.764;12.333;9.414;0.826;11.031;8.157;0.945;13.368;8.524;0.945;13.368;8.524;0.983;15.496;8.293;-0.009;6.168;10.588;0.598;1.432;9.94
-0.149;9.914;9.074;0.124;6.125;11.303;3.009;14.918;9.044;3.395;12.195;7.976;0.929;10.263;9.067;2.005;9.919;8.977;0.929;10.263;9.067;0.912;10.898;8.73;0.594;14.826;9.748;-0.808;14.94;9.695;3.395;12.195;7.976;3.424;9.733;7.921;2.439;6.14;11.197;2.319;1.313;11.643;0.929;10.263;9.067;-0.149;9.914;9.074;1.73;14.787;9.617;3.009;14.918;9.044;2.005;9.919;8.977;2.439;6.14;11.197;1.084;15.36;8.845;1.405;16.136;10.358;-1.673;12.246;10.143;-1.644;9.939;11.153;-0.808;14.94;9.695;-1.673;12.246;10.143;0.912;10.898;8.73;1.039;13.234;9.096;1.039;13.234;9.096;1.084;15.36;8.845;0.124;6.125;11.303;0.735;1.357;11.633
-0.038;9.814;9.662;0.183;6.068;11.968;3.137;14.798;9.616;3.485;12.083;8.518;1.041;10.16;9.66;2.117;9.812;9.576;1.041;10.16;9.66;1.029;10.794;9.323;0.721;14.73;10.325;-0.68;14.848;10.27;3.485;12.083;8.518;3.504;9.624;8.368;2.498;6.075;11.875;2.362;1.342;12.922;1.041;10.16;9.66;-0.038;9.814;9.662;1.857;14.684;10.191;3.137;14.798;9.616;2.117;9.812;9.576;2.498;6.075;11.875;1.212;15.255;9.417;1.534;16.048;10.921;-1.553;12.176;10.825;-1.49;9.929;11.961;-0.68;14.848;10.27;-1.553;12.176;10.825;1.029;10.794;9.323;1.158;13.131;9.684;1.158;13.131;9.684;1.212;15.255;9.417;0.183;6.068;11.968;0.779;1.379;12.907
0.095;9.736;10.327;0.211;5.964;12.598;3.278;14.717;10.238;3.596;12.0;9.136;1.171;10.089;10.344;2.251;9.75;10.278;1.171;10.089;10.344;1.16;10.723;10.006;0.863;14.676;10.95;-0.538;14.795;10.887;3.596;12.0;9.136;3.609;9.546;8.921;2.528;5.986;12.55;2.342;1.244;13.546;1.171;10.089;10.344;0.095;9.736;10.327;1.999;14.623;10.817;3.278;14.717;10.238;2.251;9.75;10.278;2.528;5.986;12.55;1.357;15.184;10.034;1.677;16.003;11.524;-1.415;12.135;11.488;-1.346;9.922;12.688;-0.538;14.795;10.887;-1.415;12.135;11.488;1.16;10.723;10.006;1.292;13.065;10.334;1.292;13.065;10.334;1.357;15.184;10.034;0.211;5.964;12.598;0.762;1.266;13.518
0.25;9.688;11.045;0.285;5.821;13.153;3.433;14.679;10.889;3.737;11.944;9.829;1.32;10.059;11.075;2.405;9.738;11.022;1.32;10.059;11.075;1.301;10.694;10.738;1.019;14.667;11.605;-0.382;14.786;11.533;3.737;11.944;9.829;3.748;9.49;9.616;2.601;5.88;13.138;2.402;1.069;13.71;1.32;10.059;11.075;0.25;9.688;11.045;2.154;14.605;11.472;3.433;14.679;10.889;2.405;9.738;11.022;2.601;5.88;13.138;1.514;15.153;10.677;1.833;16.004;12.15;-1.261;12.124;12.118;-1.207;9.908;13.315;-0.382;14.786;11.533;-1.261;12.124;12.118;1.301;10.694;10.738;1.438;13.041;11.022;1.438;13.041;11.022;1.514;15.153;10.677;0.285;5.821;13.153;0.824;1.061;13.683
0.411;9.7;11.788;0.379;5.745;13.728;3.591;14.699;11.544;3.882;11.94;10.541;1.473;10.095;11.812;2.565;9.798;11.758;1.473;10.095;11.812;1.44;10.726;11.47;1.177;14.717;12.262;-0.224;14.837;12.185;3.882;11.94;10.541;3.887;9.483;10.365;2.693;5.851;13.71;2.483;1.009;13.838;1.473;10.095;11.812;0.411;9.7;11.788;2.311;14.644;12.129;3.591;14.699;11.544;2.565;9.798;11.758;2.693;5.851;13.71;1.674;15.183;11.326;1.994;16.058;12.785;-1.097;12.159;12.702;-1.073;9.909;13.835;-0.224;14.837;12.185;-1.097;12.159;12.702;1.44;10.726;11.47;1.583;13.079;11.706;1.583;13.079;11.706;1.674;15.183;11.326;0.379;5.745;13.728;0.909;0.957;13.836
0.574;9.738;12.551;0.456;5.679;14.256;3.74;14.743;12.211;4.053;11.95;11.313;1.629;10.152;12.551;2.725;9.873;12.482;1.629;10.152;12.551;1.579;10.777;12.2;1.324;14.782;12.922;-0.077;14.902;12.85;4.053;11.95;11.313;4.07;9.488;11.236;2.767;5.818;14.201;2.488;0.987;13.878;1.629;10.152;12.551;0.574;9.738;12.551;2.458;14.701;12.789;3.74;14.743;12.211;2.725;9.873;12.482;2.767;5.818;14.201;1.823;15.233;11.979;2.144;16.127;13.426;-0.935;12.203;13.277;-0.944;9.903;14.305;-0.077;14.902;12.85;-0.935;12.203;13.277;1.579;10.777;12.2;1.722;13.134;12.389;1.722;13.134;12.389;1.823;15.233;11.979;0.456;5.679;14.256;0.917;0.893;13.924
0.714;9.821;13.242;0.527;5.655;14.66;3.877;14.819;12.864;4.241;11.991;12.109;1.766;10.24;13.214;2.862;9.965;13.13;1.766;10.24;13.214;1.706;10.858;12.854;1.45;14.867;13.548;0.049;14.982;13.477;4.241;11.991;12.109;4.279;9.529;12.18;2.836;5.8;14.562;2.482;1.013;13.877;1.766;10.24;13.214;0.714;9.821;13.242;2.585;14.784;13.422;3.877;14.819;12.864;2.862;9.965;13.13;2.836;5.8;14.562;1.956;15.314;12.607;2.271;16.214;14.051;-0.783;12.261;13.801;-0.82;9.91;14.706;0.049;14.982;13.477;-0.783;12.261;13.801;1.706;10.858;12.854;1.848;13.217;13.022;1.848;13.217;13.022;1.956;15.314;12.607;0.527;5.655;14.66;0.914;0.901;13.969
0.836;9.975;13.889;0.596;5.711;14.968;4.006;14.96;13.522;4.442;12.102;12.936;1.892;10.384;13.837;2.984;10.096;13.742;1.892;10.384;13.837;1.832;10.995;13.465;1.562;15.002;14.149;0.161;15.106;14.063;4.442;12.102;12.936;4.503;9.653;13.191;2.905;5.83;14.834;2.475;1.098;13.865;1.892;10.384;13.837;0.836;9.975;13.889;2.699;14.922;14.043;4.006;14.96;13.522;2.984;10.096;13.742;2.905;5.83;14.834;2.083;15.453;13.219;2.378;16.346;14.671;-0.634;12.361;14.268;-0.694;9.966;15.043;0.161;15.106;14.063;-0.634;12.361;14.268;1.832;10.995;13.465;1.973;13.354;13.625;1.973;13.354;13.625;2.083;15.453;13.219;0.596;5.711;14.968;0.908;1.002;13.993
0.95;10.126;14.501;0.663;5.789;15.215;4.125;15.108;14.173;4.65;12.236;13.759;2.012;10.514;14.427;3.097;10.206;14.319;2.012;10.514;14.427;1.958;11.122;14.048;1.664;15.122;14.737;0.264;15.218;14.626;4.65;12.236;13.759;4.736;9.816;14.213;2.971;5.864;15.046;2.46;1.187;13.869;2.012;10.514;14.427;0.95;10.126;14.501;2.803;15.051;14.655;4.125;15.108;14.173;3.097;10.206;14.319;2.971;5.864;15.046;2.201;15.583;13.821;2.469;16.466;15.285;-0.505;12.461;14.71;-0.591;10.03;15.365;0.264;15.218;14.626;-0.505;12.461;14.71;1.958;11.122;14.048;2.098;13.481;14.211;2.098;13.481;14.211;2.201;15.583;13.821;0.663;5.789;15.215;0.894;1.125;14.027
1.057;10.232;15.063;0.739;5.852;15.403;4.225;15.226;14.791;4.844;12.351;14.567;2.123;10.605;14.967;3.201;10.28;14.836;2.123;10.605;14.967;2.069;11.213;14.588;1.754;15.201;15.313;0.355;15.292;15.183;4.844;12.351;14.567;4.947;9.99;15.262;3.043;5.892;15.185;2.455;1.273;13.833;2.123;10.605;14.967;1.057;10.232;15.063;2.895;15.141;15.245;4.225;15.226;14.791;3.201;10.28;14.836;3.043;5.892;15.185;2.298;15.677;14.409;2.547;16.545;15.885;-0.402;12.53;15.138;-0.519;10.07;15.666;0.355;15.292;15.183;-0.402;12.53;15.138;2.069;11.213;14.588;2.21;13.57;14.775;2.21;13.57;14.775;2.298;15.677;14.409;0.739;5.852;15.403;0.892;1.236;14.027
1.176;10.264;15.633;0.814;5.875;15.639;4.335;15.28;15.436;5.045;12.417;15.402;2.244;10.626;15.519;3.316;10.291;15.367;2.244;10.626;15.519;2.19;11.237;15.144;1.854;15.211;15.91;0.458;15.299;15.753;5.045;12.417;15.402;5.144;10.141;16.339;3.114;5.891;15.38;2.445;1.34;13.846;2.244;10.626;15.519;1.176;10.264;15.633;2.997;15.163;15.859;4.335;15.28;15.436;3.316;10.291;15.367;3.114;5.891;15.38;2.408;15.703;15.02;2.627;16.557;16.51;-0.301;12.543;15.572;-0.462;10.062;15.971;0.458;15.299;15.753;-0.301;12.543;15.572;2.19;11.237;15.144;2.335;13.591;15.36;2.335;13.591;15.36;2.408;15.703;15.02;0.814;5.875;15.639;0.885;1.319;14.07
1.295;10.195;16.192;0.886;5.819;15.895;4.429;15.248;16.059;5.229;12.413;16.214;2.361;10.557;16.067;3.43;10.223;15.896;2.361;10.557;16.067;2.302;11.172;15.7;1.947;15.132;16.511;0.552;15.219;16.341;5.229;12.413;16.214;5.321;10.253;17.395;3.182;5.835;15.602;2.44;1.367;13.87;2.361;10.557;16.067;1.295;10.195;16.192;3.09;15.097;16.466;4.429;15.248;16.059;3.43;10.223;15.896;3.182;5.835;15.602;2.501;15.64;15.63;2.701;16.485;17.126;-0.215;12.477;16.031;-0.424;9.981;16.297;0.552;15.219;16.341;-0.215;12.477;16.031;2.302;11.172;15.7;2.448;13.523;15.946;2.448;13.523;15.946;2.501;15.64;15.63;0.886;5.819;15.895;0.884;1.341;14.116
1.408;10.061;16.76;0.953;5.717;16.186;4.513;15.158;16.678;5.392;12.362;17.003;2.471;10.431;16.634;3.541;10.106;16.451;2.471;10.431;16.634;2.406;11.051;16.276;2.034;14.998;17.131;0.639;15.085;16.963;5.392;12.362;17.003;5.472;10.336;18.402;3.247;5.748;15.878;2.443;1.4;13.888;2.471;10.431;16.634;1.408;10.061;16.76;3.177;14.975;17.083;4.513;15.158;16.678;3.541;10.106;16.451;3.247;5.748;15.878;2.58;15.519;16.253;2.772;16.364;17.75;-0.134;12.361;16.532;-0.391;9.858;16.653;0.639;15.085;16.963;-0.134;12.361;16.532;2.406;11.051;16.276;2.55;13.399;16.552;2.55;13.399;16.552;2.58;15.519;16.253;0.953;5.717;16.186;0.889;1.354;14.142
1.514;9.883;17.364;1.018;5.584;16.542;4.592;15.02;17.316;5.538;12.264;17.77;2.574;10.263;17.239;3.646;9.948;17.048;2.574;10.263;17.239;2.504;10.887;16.892;2.119;14.825;17.781;0.722;14.908;17.625;5.538;12.264;17.77;5.611;10.364;19.337;3.311;5.634;16.224;2.455;1.458;13.913;2.574;10.263;17.239;1.514;9.883;17.364;3.262;14.811;17.727;4.592;15.02;17.316;3.646;9.948;17.048;3.311;5.634;16.224;2.656;15.354;16.902;2.845;16.205;18.397;-0.05;12.203;17.084;-0.354;9.703;17.056;0.722;14.908;17.625;-0.05;12.203;17.084;2.504;10.887;16.892;2.644;13.233;17.192;2.644;13.233;17.192;2.656;15.354;16.902;1.018;5.584;16.542;0.902;1.392;14.169
1.601;9.766;17.973;1.083;5.511;16.959;4.666;14.919;17.981;5.657;12.19;18.502;2.661;10.147;17.848;3.731;9.834;17.648;2.661;10.147;17.848;2.589;10.776;17.509;2.196;14.699;18.454;0.797;14.768;18.31;5.657;12.19;18.502;5.726;10.374;20.165;3.374;5.564;16.629;2.483;1.609;13.968;2.661;10.147;17.848;1.601;9.766;17.973;3.339;14.693;18.394;4.666;14.919;17.981;3.731;9.834;17.648;3.374;5.564;16.629;2.727;15.241;17.578;2.913;16.087;19.077;0.047;12.079;17.671;-0.288;9.588;17.5;0.797;14.768;18.31;0.047;12.079;17.671;2.589;10.776;17.509;2.729;13.117;17.844;2.729;13.117;17.844;2.727;15.241;17.578;1.083;5.511;16.959;0.931;1.544;14.228
1.698;9.661;18.719;1.184;5.442;17.563;4.728;14.832;18.677;5.742;12.114;19.211;2.756;10.04;18.574;3.822;9.727;18.352;2.756;10.04;18.574;2.679;10.67;18.237;2.264;14.594;19.166;0.863;14.649;19.031;5.742;12.114;19.211;5.823;10.33;20.908;3.468;5.493;17.188;2.547;1.858;14.114;2.756;10.04;18.574;1.698;9.661;18.719;3.406;14.596;19.1;4.728;14.832;18.677;3.822;9.727;18.352;3.468;5.493;17.188;2.785;15.137;18.286;2.97;15.996;19.777;0.14;11.972;18.315;-0.214;9.494;18.029;0.863;14.649;19.031;0.14;11.972;18.315;2.679;10.67;18.237;2.804;13.014;18.559;2.804;13.014;18.559;2.785;15.137;18.286;1.184;5.442;17.563;1.0;1.805;14.407
1.787;9.624;19.527;1.298;5.412;18.334;4.781;14.8;19.391;5.787;12.069;19.875;2.845;9.994;19.36;3.904;9.671;19.12;2.845;9.994;19.36;2.766;10.623;19.022;2.323;14.553;19.908;0.922;14.597;19.784;5.787;12.069;19.875;5.891;10.258;21.542;3.575;5.447;17.915;2.638;2.237;14.404;2.845;9.994;19.36;1.787;9.624;19.527;3.465;14.563;19.832;4.781;14.8;19.391;3.904;9.671;19.12;3.575;5.447;17.915;2.833;15.092;19.019;3.018;15.971;20.497;0.232;11.929;19.006;-0.123;9.463;18.632;0.922;14.597;19.784;0.232;11.929;19.006;2.766;10.623;19.022;2.87;12.972;19.31;2.87;12.972;19.31;2.833;15.092;19.019;1.298;5.412;18.334;1.097;2.214;14.734
1.86;9.68;20.306;1.411;5.429;19.247;4.842;14.838;20.112;5.806;12.077;20.495;2.924;10.033;20.138;3.979;9.691;19.904;2.924;10.033;20.138;2.855;10.658;19.791;2.387;14.593;20.645;0.984;14.627;20.532;5.806;12.077;20.495;5.924;10.185;22.069;3.689;5.428;18.834;2.795;2.718;14.913;2.924;10.033;20.138;1.86;9.68;20.306;3.529;14.607;20.564;4.842;14.838;20.112;3.979;9.691;19.904;3.689;5.428;18.834;2.89;15.13;19.751;3.071;16.017;21.226;0.323;11.956;19.739;-0.011;9.49;19.346;0.984;14.627;20.532;0.323;11.956;19.739;2.855;10.658;19.791;2.939;13.011;20.051;2.939;13.011;20.051;2.89;15.13;19.751;1.411;5.429;19.247;1.253;2.741;15.25
1.925;9.782;21.06;1.572;5.445;20.372;4.903;14.914;20.799;5.802;12.116;21.052;2.992;10.126;20.899;4.049;9.774;20.691;2.992;10.126;20.899;2.931;10.743;20.536;2.453;14.681;21.361;1.049;14.71;21.27;5.802;12.116;21.052;5.927;10.119;22.489;3.857;5.429;19.994;3.057;3.097;15.819;2.992;10.126;20.899;1.925;9.782;21.06;3.594;14.696;21.267;4.903;14.914;20.799;4.049;9.774;20.691;3.857;5.429;19.994;2.947;15.218;20.461;3.14;16.101;21.936;0.399;12.024;20.517;0.094;9.547;20.177;1.049;14.71;21.27;0.399;12.024;20.517;2.931;10.743;20.536;2.999;13.099;20.764;2.999;13.099;20.764;2.947;15.218;20.461;1.572;5.445;20.372;1.51;3.148;16.136
1.982;9.908;21.797;1.733;5.513;21.627;4.973;15.01;21.414;5.782;12.175;21.53;3.051;10.251;21.643;4.112;9.897;21.462;3.051;10.251;21.643;2.994;10.856;21.26;2.535;14.807;22.039;1.129;14.841;21.987;5.782;12.175;21.53;5.91;10.078;22.817;4.024;5.497;21.284;3.296;3.309;17.019;3.051;10.251;21.643;1.982;9.908;21.797;3.674;14.815;21.918;4.973;15.01;21.414;4.112;9.897;21.462;4.024;5.497;21.284;3.01;15.333;21.122;3.235;16.218;22.592;0.454;12.13;21.352;0.166;9.636;21.153;1.129;14.841;21.987;0.454;12.13;21.352;2.994;10.856;21.26;3.059;13.217;21.443;3.059;13.217;21.443;3.01;15.333;21.122;1.733;5.513;21.627;1.743;3.374;17.309
2.042;10.054;22.415;1.93;5.672;22.85;5.023;15.157;22.014;5.752;12.299;21.962;3.11;10.412;22.291;4.181;10.073;22.147;3.11;10.412;22.291;3.055;11.012;21.899;2.599;14.962;22.693;1.192;14.995;22.676;5.752;12.299;21.962;5.879;10.1;23.065;4.231;5.689;22.577;3.623;3.272;18.418;3.11;10.412;22.291;2.042;10.054;22.415;3.734;14.97;22.549;5.023;15.157;22.014;4.181;10.073;22.147;4.231;5.689;22.577;3.055;15.489;21.768;3.305;16.368;23.238;0.518;12.26;22.156;0.288;9.752;22.114;1.192;14.995;22.676;0.518;12.26;22.156;3.055;11.012;21.899;3.108;13.373;22.084;3.108;13.373;22.084;3.055;15.489;21.768;1.93;5.672;22.85;2.06;3.321;18.645
2.112;10.181;23.029;2.098;5.888;24.014;5.109;15.275;22.598;5.745;12.405;22.362;3.179;10.549;22.928;4.258;10.22;22.814;3.179;10.549;22.928;3.129;11.146;22.531;2.702;15.101;23.338;1.295;15.156;23.351;5.745;12.405;22.362;5.859;10.117;23.267;4.404;5.929;23.795;3.892;2.989;19.973;3.179;10.549;22.928;2.112;10.181;23.029;3.834;15.098;23.169;5.109;15.275;22.598;4.258;10.22;22.814;4.404;5.929;23.795;3.142;15.623;22.403;3.424;16.49;23.874;0.606;12.402;22.976;0.447;9.894;23.15;1.295;15.156;23.351;0.606;12.402;22.976;3.129;11.146;22.531;3.183;13.506;22.718;3.183;13.506;22.718;3.142;15.623;22.403;2.098;5.888;24.014;2.322;3.027;20.143
2.186;10.247;23.632;2.267;6.088;25.082;5.204;15.325;23.194;5.727;12.455;22.757;3.252;10.623;23.553;4.335;10.301;23.463;3.252;10.623;23.553;3.206;11.217;23.151;2.805;15.18;23.959;1.4;15.272;23.973;5.727;12.455;22.757;5.794;10.086;23.427;4.577;6.148;24.909;4.183;2.528;21.706;3.252;10.623;23.553;2.186;10.247;23.632;3.935;15.161;23.782;5.204;15.325;23.194;4.335;10.301;23.463;4.577;6.148;24.909;3.246;15.694;23.019;3.543;16.548;24.495;0.681;12.507;23.767;0.581;10.027;24.198;1.4;15.272;23.973;0.681;12.507;23.767;3.206;11.217;23.151;3.259;13.577;23.34;3.259;13.577;23.34;3.246;15.694;23.019;2.267;6.088;25.082;2.608;2.557;21.821
2.265;10.246;24.211;2.426;6.225;26.002;5.278;15.344;23.808;5.776;12.51;23.16;3.332;10.623;24.157;4.417;10.303;24.089;3.332;10.623;24.157;3.294;11.22;23.758;2.89;15.182;24.593;1.487;15.299;24.607;5.776;12.51;23.16;5.868;10.084;23.58;4.739;6.29;25.876;4.479;2.042;23.552;3.332;10.623;24.157;2.265;10.246;24.211;4.019;15.159;24.412;5.278;15.344;23.808;4.417;10.303;24.089;4.739;6.29;25.876;3.328;15.695;23.652;3.634;16.546;25.128;0.751;12.531;24.578;0.726;10.111;25.277;1.487;15.299;24.607;0.751;12.531;24.578;3.294;11.22;23.758;3.337;13.578;23.973;3.337;13.578;23.973;3.328;15.695;23.652;2.426;6.225;26.002;2.899;2.069;23.608
2.349;10.158;24.795;2.583;6.272;26.857;5.381;15.248;24.418;5.829;12.447;23.606;3.42;10.527;24.763;4.504;10.198;24.715;3.42;10.527;24.763;3.394;11.125;24.367;2.996;15.093;25.204;1.595;15.238;25.204;5.829;12.447;23.606;5.914;9.993;23.802;4.898;6.324;26.773;4.751;1.643;25.515;3.42;10.527;24.763;2.349;10.158;24.795;4.126;15.062;25.026;5.381;15.248;24.418;4.504;10.198;24.715;4.898;6.324;26.773;3.44;15.597;24.261;3.744;16.464;25.727;0.839;12.479;25.353;0.879;10.152;26.316;1.595;15.238;25.204;0.839;12.479;25.353;3.394;11.125;24.367;3.435;13.482;24.596;3.435;13.482;24.596;3.44;15.597;24.261;2.583;6.272;26.857;3.168;1.681;25.515
2.439;10.053;25.398;2.759;6.3;27.682;5.471;15.133;25.065;5.881;12.366;24.129;3.511;10.42;25.38;4.595;10.089;25.345;3.511;10.42;25.38;3.492;11.019;24.985;3.084;14.987;25.849;1.686;15.146;25.842;5.881;12.366;24.129;5.965;9.904;24.121;5.074;6.351;27.625;5.065;1.513;27.295;3.511;10.42;25.38;2.439;10.053;25.398;4.215;14.952;25.673;5.471;15.133;25.065;4.595;10.089;25.345;5.074;6.351;27.625;3.533;15.487;24.906;3.838;16.364;26.367;0.928;12.4;26.144;1.04;10.179;27.327;1.686;15.146;25.842;0.928;12.4;26.144;3.492;11.019;24.985;3.519;13.373;25.244;3.519;13.373;25.244;3.533;15.487;24.906;2.759;6.3;27.682;3.48;1.554;27.259
2.541;9.94;26.044;2.823;6.276;28.474;5.591;14.998;25.715;5.971;12.257;24.693;3.616;10.299;26.024;4.697;9.96;25.989;3.616;10.299;26.024;3.6;10.897;25.625;3.2;14.868;26.492;1.803;15.039;26.472;5.971;12.257;24.693;6.054;9.802;24.515;5.139;6.309;28.413;5.092;1.477;28.818;3.616;10.299;26.024;2.541;9.94;26.044;4.331;14.826;26.319;5.591;14.998;25.715;4.697;9.96;25.989;5.139;6.309;28.413;3.653;15.362;25.548;3.955;16.248;27.003;1.036;12.313;26.897;1.189;10.197;28.256;1.803;15.039;26.472;1.036;12.313;26.897;3.6;10.897;25.625;3.629;13.25;25.895;3.629;13.25;25.895;3.653;15.362;25.548;2.823;6.276;28.474;3.507;1.516;28.779
2.674;9.832;26.76;2.829;6.18;29.217;5.737;14.882;26.407;6.091;12.162;25.32;3.75;10.188;26.74;4.829;9.846;26.704;3.75;10.188;26.74;3.736;10.787;26.343;3.343;14.768;27.173;1.947;14.948;27.129;6.091;12.162;25.32;6.173;9.72;25.005;5.146;6.203;29.159;4.985;1.405;29.846;3.75;10.188;26.74;2.674;9.832;26.76;4.474;14.72;27.006;5.737;14.882;26.407;4.829;9.846;26.704;5.146;6.203;29.159;3.802;15.249;26.225;4.095;16.159;27.667;1.171;12.234;27.614;1.329;10.187;29.073;1.947;14.948;27.129;1.171;12.234;27.614;3.736;10.787;26.343;3.769;13.141;26.598;3.769;13.141;26.598;3.802;15.249;26.225;2.829;6.18;29.217;3.403;1.433;29.817
2.826;9.755;27.481;2.876;5.989;29.766;5.893;14.808;27.088;6.233;12.089;25.997;3.899;10.117;27.474;4.982;9.782;27.446;3.899;10.117;27.474;3.886;10.719;27.082;3.499;14.714;27.858;2.104;14.895;27.797;6.233;12.089;25.997;6.319;9.655;25.628;5.193;6.024;29.734;4.977;1.195;30.118;3.899;10.117;27.474;2.826;9.755;27.481;4.63;14.66;27.693;5.893;14.808;27.088;4.982;9.782;27.446;5.193;6.024;29.734;3.96;15.177;26.902;4.249;16.11;28.33;1.328;12.184;28.3;1.476;10.163;29.796;2.104;14.895;27.797;1.328;12.184;28.3;3.886;10.719;27.082;3.921;13.076;27.312;3.921;13.076;27.312;3.96;15.177;26.902;2.876;5.989;29.766;3.398;1.21;30.089
2.963;9.73;28.263;2.901;5.893;30.425;6.04;14.784;27.786;6.387;12.044;26.749;4.033;10.104;28.26;5.119;9.78;28.239;4.033;10.104;28.26;4.015;10.703;27.865;3.648;14.715;28.562;2.253;14.893;28.492;6.387;12.044;26.749;6.486;9.606;26.41;5.217;5.948;30.409;4.939;1.108;30.527;4.033;10.104;28.26;2.963;9.73;28.263;4.779;14.652;28.397;6.04;14.784;27.786;5.119;9.78;28.239;5.217;5.948;30.409;4.111;15.156;27.596;4.401;16.115;29.007;1.491;12.173;28.966;1.613;10.122;30.424;2.253;14.893;28.492;1.491;12.173;28.966;4.015;10.703;27.865;4.061;13.064;28.049;4.061;13.064;28.049;4.111;15.156;27.596;2.901;5.893;30.425;3.362;1.097;30.507
3.11;9.789;29.04;2.984;5.823;30.952;6.186;14.832;28.464;6.564;12.055;27.544;4.178;10.167;29.017;5.265;9.848;28.982;4.178;10.167;29.017;4.151;10.762;28.615;3.796;14.785;29.249;2.399;14.949;29.181;6.564;12.055;27.544;6.684;9.605;27.318;5.299;5.885;30.904;4.962;1.059;30.575;4.178;10.167;29.017;3.11;9.789;29.04;4.926;14.718;29.08;6.186;14.832;28.464;5.265;9.848;28.982;5.299;5.885;30.904;4.255;15.21;28.274;4.55;16.183;29.675;1.665;12.211;29.588;1.752;10.087;30.94;2.399;14.949;29.181;1.665;12.211;29.588;4.151;10.762;28.615;4.204;13.126;28.76;4.204;13.126;28.76;4.255;15.21;28.274;2.984;5.823;30.952;3.387;1.034;30.594
3.251;9.872;29.775;3.069;5.783;31.404;6.31;14.908;29.135;6.747;12.089;28.385;4.315;10.259;29.728;5.404;9.948;29.68;4.315;10.259;29.728;4.276;10.847;29.317;3.914;14.875;29.909;2.516;15.019;29.839;6.747;12.089;28.385;6.898;9.63;28.341;5.383;5.86;31.32;4.989;1.078;30.615;4.315;10.259;29.728;3.251;9.872;29.775;5.045;14.808;29.744;6.31;14.908;29.135;5.404;9.948;29.68;5.383;5.86;31.32;4.376;15.292;28.932;4.669;16.267;30.332;1.828;12.257;30.159;1.893;10.05;31.371;2.516;15.019;29.839;1.828;12.257;30.159;4.276;10.847;29.317;4.326;13.212;29.435;4.326;13.212;29.435;4.376;15.292;28.932;3.069;5.783;31.404;3.416;1.033;30.674
3.363;10.018;30.449;3.124;5.812;31.734;6.416;15.041;29.796;6.933;12.188;29.25;4.427;10.401;30.376;5.514;10.087;30.315;4.427;10.401;30.376;4.383;10.983;29.957;4.008;15.009;30.535;2.608;15.134;30.452;6.933;12.188;29.25;7.115;9.739;29.436;5.436;5.877;31.61;4.963;1.161;30.585;4.427;10.401;30.376;3.363;10.018;30.449;5.14;14.947;30.383;6.416;15.041;29.796;5.514;10.087;30.315;5.436;5.877;31.61;4.479;15.429;29.564;4.757;16.387;30.977;1.969;12.351;30.67;2.013;10.069;31.734;2.608;15.134;30.452;1.969;12.351;30.67;4.383;10.983;29.957;4.432;13.348;30.067;4.432;13.348;30.067;4.479;15.429;29.564;3.124;5.812;31.734;3.392;1.116;30.684
3.478;10.167;31.066;3.197;5.872;32.005;6.525;15.183;30.408;7.122;12.311;30.101;4.542;10.544;30.967;5.626;10.223;30.885;4.542;10.544;30.967;4.491;11.121;30.543;4.103;15.148;31.104;2.704;15.265;30.996;7.122;12.311;30.101;7.316;9.899;30.565;5.505;5.923;31.831;4.953;1.264;30.606;4.542;10.544;30.967;3.478;10.167;31.066;5.238;15.09;30.97;6.525;15.183;30.408;5.626;10.223;30.885;5.505;5.923;31.831;4.587;15.565;30.138;4.845;16.521;31.557;2.097;12.468;31.098;2.114;10.123;32.018;2.704;15.265;30.996;2.097;12.468;31.098;4.491;11.121;30.543;4.541;13.487;30.649;4.541;13.487;30.649;4.587;15.565;30.138;3.197;5.872;32.005;3.385;1.224;30.746
3.597;10.259;31.613;3.269;5.897;32.136;6.632;15.289;31.04;7.306;12.419;30.967;4.661;10.63;31.496;5.741;10.304;31.388;4.661;10.63;31.496;4.605;11.213;31.08;4.193;15.231;31.677;2.797;15.345;31.532;7.306;12.419;30.967;7.484;10.079;31.718;5.574;5.934;31.916;4.94;1.333;30.522;4.661;10.63;31.496;3.597;10.259;31.613;5.331;15.184;31.566;6.632;15.289;31.04;5.741;10.304;31.388;5.574;5.934;31.916;4.693;15.66;30.725;4.916;16.601;32.159;2.218;12.541;31.465;2.207;10.133;32.206;2.797;15.345;31.532;2.218;12.541;31.465;4.605;11.213;31.08;4.655;13.577;31.219;4.655;13.577;31.219;4.693;15.66;30.725;3.269;5.897;32.136;3.376;1.298;30.7
3.703;10.287;32.216;3.342;5.9;32.372;6.738;15.324;31.657;7.472;12.472;31.824;4.765;10.654;32.07;5.839;10.323;31.928;4.765;10.654;32.07;4.7;11.24;31.66;4.29;15.256;32.265;2.899;15.385;32.093;7.472;12.472;31.824;7.617;10.244;32.864;5.639;5.926;32.086;4.929;1.388;30.53;4.765;10.654;32.07;3.703;10.287;32.216;5.429;15.212;32.165;6.738;15.324;31.657;5.839;10.323;31.928;5.639;5.926;32.086;4.798;15.684;31.317;5.0;16.625;32.755;2.293;12.59;31.937;2.221;10.154;32.574;2.899;15.385;32.093;2.293;12.59;31.937;4.7;11.24;31.66;4.762;13.603;31.816;4.762;13.603;31.816;4.798;15.684;31.317;3.342;5.9;32.372;3.372;1.358;30.761
3.802;10.234;32.783;3.401;5.851;32.601;6.833;15.289;32.281;7.629;12.476;32.677;4.862;10.6;32.625;5.933;10.269;32.46;4.862;10.6;32.625;4.791;11.193;32.224;4.38;15.201;32.865;2.993;15.342;32.665;7.629;12.476;32.677;7.727;10.395;33.991;5.693;5.875;32.277;4.925;1.416;30.534;4.862;10.6;32.625;3.802;10.234;32.783;5.52;15.164;32.775;6.833;15.289;32.281;5.933;10.269;32.46;5.693;5.875;32.277;4.894;15.637;31.923;5.072;16.571;33.368;2.373;12.562;32.363;2.238;10.09;32.827;2.993;15.342;32.665;2.373;12.562;32.363;4.791;11.193;32.224;4.865;13.553;32.412;4.865;13.553;32.412;4.894;15.637;31.923;3.401;5.851;32.601;3.372;1.384;30.794
3.923;10.099;33.381;3.473;5.745;32.896;6.92;15.181;32.893;7.771;12.422;33.495;4.978;10.474;33.21;6.049;10.152;33.025;4.978;10.474;33.21;4.898;11.071;32.818;4.47;15.074;33.484;3.085;15.222;33.278;7.771;12.422;33.495;7.825;10.512;35.049;5.759;5.784;32.537;4.925;1.439;30.553;4.978;10.474;33.21;3.923;10.099;33.381;5.61;15.046;33.392;6.92;15.181;32.893;6.049;10.152;33.025;5.759;5.784;32.537;4.979;15.514;32.542;5.144;16.449;33.989;2.444;12.461;32.867;2.244;9.967;33.165;3.085;15.222;33.278;2.444;12.461;32.867;4.898;11.071;32.818;4.968;13.429;33.029;4.968;13.429;33.029;4.979;15.514;32.542;3.473;5.745;32.896;3.377;1.388;30.839
4.032;9.953;33.979;3.531;5.64;33.235;7.003;15.047;33.503;7.89;12.34;34.266;5.086;10.332;33.812;6.158;10.014;33.623;5.086;10.332;33.812;5.004;10.932;33.425;4.56;14.929;34.113;3.175;15.079;33.909;7.89;12.34;34.266;7.904;10.593;36.003;5.817;5.687;32.876;4.94;1.503;30.587;5.086;10.332;33.812;4.032;9.953;33.979;5.7;14.909;34.017;7.003;15.047;33.503;6.158;10.014;33.623;5.817;5.687;32.876;5.062;15.374;33.17;5.221;16.306;34.619;2.521;12.337;33.405;2.255;9.835;33.527;3.175;15.079;33.909;2.521;12.337;33.405;5.004;10.932;33.425;5.068;13.289;33.654;5.068;13.289;33.654;5.062;15.374;33.17;3.531;5.64;33.235;3.392;1.441;30.875
4.097;9.825;34.595;3.581;5.552;33.659;7.059;14.925;34.116;7.973;12.255;34.977;5.151;10.205;34.424;6.222;9.888;34.229;5.151;10.205;34.424;5.067;10.806;34.04;4.623;14.797;34.751;3.237;14.94;34.554;7.973;12.255;34.977;7.963;10.626;36.824;5.865;5.599;33.29;4.974;1.621;30.663;5.151;10.205;34.424;4.097;9.825;34.595;5.763;14.784;34.646;7.059;14.925;34.116;6.222;9.888;34.229;5.865;5.599;33.29;5.116;15.248;33.805;5.278;16.171;35.259;2.596;12.206;33.994;2.291;9.705;33.972;3.237;14.94;34.554;2.596;12.206;33.994;5.067;10.806;34.04;5.136;13.161;34.283;5.136;13.161;34.283;5.116;15.248;33.805;3.581;5.552;33.659;3.428;1.561;30.962
4.16;9.739;35.298;3.642;5.501;34.216;7.119;14.837;34.778;8.04;12.179;35.666;5.215;10.111;35.112;6.279;9.785;34.899;5.215;10.111;35.112;5.13;10.714;34.732;4.689;14.706;35.433;3.302;14.846;35.236;8.04;12.179;35.666;8.022;10.598;37.555;5.921;5.532;33.81;5.012;1.843;30.797;5.215;10.111;35.112;4.16;9.739;35.298;5.828;14.696;35.323;7.119;14.837;34.778;6.279;9.785;34.899;5.921;5.532;33.81;5.176;15.154;34.482;5.336;16.078;35.936;2.677;12.114;34.645;2.34;9.621;34.517;3.302;14.846;35.236;2.677;12.114;34.645;5.13;10.714;34.732;5.205;13.07;34.971;5.205;13.07;34.971;5.176;15.154;34.482;3.642;5.501;34.216;3.471;1.806;31.127
4.199;9.723;36.067;3.693;5.493;34.946;7.162;14.807;35.449;8.074;12.135;36.303;5.256;10.076;35.86;6.312;9.732;35.636;5.256;10.076;35.86;5.174;10.676;35.474;4.734;14.677;36.106;3.349;14.809;35.894;8.074;12.135;36.303;8.064;10.521;38.164;5.966;5.489;34.506;5.051;2.19;31.071;5.256;10.076;35.86;4.199;9.723;36.067;5.874;14.67;35.999;7.162;14.807;35.449;6.312;9.732;35.636;5.966;5.489;34.506;5.222;15.111;35.149;5.368;16.051;36.594;2.756;12.062;35.341;2.415;9.571;35.196;3.349;14.809;35.894;2.756;12.062;35.341;5.174;10.676;35.474;5.257;13.035;35.673;5.257;13.035;35.673;5.222;15.111;35.149;3.693;5.493;34.946;3.516;2.199;31.433
4.276;9.766;36.807;3.802;5.503;35.804;7.212;14.852;36.153;8.091;12.135;36.892;5.336;10.111;36.607;6.391;9.759;36.391;5.336;10.111;36.607;5.261;10.71;36.217;4.786;14.713;36.815;3.4;14.837;36.602;8.091;12.135;36.892;8.101;10.406;38.647;6.078;5.484;35.379;5.211;2.648;31.543;5.336;10.111;36.607;4.276;9.766;36.807;5.926;14.713;36.708;7.212;14.852;36.153;6.391;9.759;36.391;6.078;5.484;35.379;5.272;15.143;35.855;5.413;16.086;37.299;2.832;12.071;36.118;2.501;9.577;36.012;3.4;14.837;36.602;2.832;12.071;36.118;5.261;10.71;36.217;5.321;13.072;36.394;5.321;13.072;36.394;5.272;15.143;35.855;3.802;5.503;35.804;3.673;2.68;31.9
4.337;9.861;37.488;3.866;5.533;36.82;7.282;14.926;36.841;8.099;12.152;37.422;5.402;10.197;37.295;6.457;9.835;37.097;5.402;10.197;37.295;5.335;10.79;36.895;4.854;14.792;37.495;3.467;14.915;37.285;8.099;12.152;37.422;8.123;10.263;39.003;6.147;5.494;36.421;5.307;3.05;32.318;5.402;10.197;37.295;4.337;9.861;37.488;5.993;14.791;37.391;7.282;14.926;36.841;6.457;9.835;37.097;6.147;5.494;36.421;5.342;15.226;36.538;5.48;16.149;37.996;2.912;12.135;36.878;2.597;9.636;36.842;3.467;14.915;37.285;2.912;12.135;36.878;5.335;10.79;36.895;5.389;13.152;37.066;5.389;13.152;37.066;5.342;15.226;36.538;3.866;5.533;36.82;3.765;3.102;32.66
4.42;9.967;38.166;4.043;5.58;38.06;7.349;15.018;37.465;8.094;12.196;37.892;5.485;10.309;37.985;6.548;9.952;37.817;5.485;10.309;37.985;5.421;10.89;37.567;4.923;14.894;38.136;3.532;15.009;37.952;8.094;12.196;37.892;8.143;10.154;39.269;6.332;5.554;37.708;5.65;3.151;33.552;5.485;10.309;37.985;4.42;9.967;38.166;6.062;14.896;38.022;7.349;15.018;37.465;6.548;9.952;37.817;6.332;5.554;37.708;5.401;15.326;37.173;5.552;16.248;38.63;2.994;12.21;37.674;2.709;9.709;37.762;3.532;15.009;37.952;2.994;12.21;37.674;5.421;10.89;37.567;5.458;13.254;37.709;5.458;13.254;37.709;5.401;15.326;37.173;4.043;5.58;38.06;4.102;3.203;33.869
4.488;10.104;38.802;4.199;5.733;39.261;7.414;15.148;38.041;8.078;12.284;38.282;5.55;10.457;38.624;6.619;10.112;38.47;5.55;10.457;38.624;5.482;11.031;38.198;5.0;15.039;38.76;3.604;15.151;38.623;8.078;12.284;38.282;8.156;10.099;39.416;6.49;5.733;38.929;5.908;3.127;34.882;5.55;10.457;38.624;4.488;10.104;38.802;6.136;15.036;38.62;7.414;15.148;38.041;6.619;10.112;38.47;6.49;5.733;38.929;5.458;15.468;37.787;5.641;16.38;39.246;3.083;12.338;38.487;2.839;9.841;38.712;3.604;15.151;38.623;3.083;12.338;38.487;5.482;11.031;38.198;5.519;13.396;38.322;5.519;13.396;38.322;5.458;15.468;37.787;4.199;5.733;39.261;4.357;3.164;35.187
4.541;10.232;39.419;4.375;5.94;40.394;7.478;15.275;38.603;8.073;12.386;38.648;5.599;10.596;39.238;6.671;10.264;39.083;5.599;10.596;39.238;5.523;11.169;38.81;5.081;15.18;39.38;3.682;15.31;39.287;8.073;12.386;38.648;8.182;10.089;39.53;6.665;5.968;40.057;6.136;2.81;36.416;5.599;10.596;39.238;4.541;10.232;39.419;6.213;15.168;39.212;7.478;15.275;38.603;6.671;10.264;39.083;6.665;5.968;40.057;5.518;15.607;38.396;5.741;16.505;39.858;3.153;12.495;39.264;2.929;10.009;39.602;3.682;15.31;39.287;3.153;12.495;39.264;5.523;11.169;38.81;5.574;13.534;38.928;5.574;13.534;38.928;5.518;15.607;38.396;4.375;5.94;40.394;4.585;2.835;36.714
4.612;10.305;40.002;4.555;6.127;41.395;7.549;15.361;39.168;8.083;12.464;39.015;5.667;10.678;39.829;6.743;10.354;39.677;5.667;10.678;39.829;5.59;11.252;39.404;5.167;15.266;39.986;3.768;15.408;39.919;8.083;12.464;39.015;8.212;10.086;39.642;6.847;6.176;41.069;6.418;2.309;38.175;5.667;10.678;39.829;4.612;10.305;40.002;6.296;15.249;39.8;7.549;15.361;39.168;6.743;10.354;39.677;6.847;6.176;41.069;5.59;15.689;38.995;5.841;16.585;40.454;3.249;12.596;40.085;3.092;10.145;40.64;3.768;15.408;39.919;3.249;12.596;40.085;5.59;11.252;39.404;5.646;13.617;39.53;5.646;13.617;39.53;5.59;15.689;38.995;4.555;6.127;41.395;4.864;2.324;38.451
4.671;10.294;40.522;4.718;6.235;42.232;7.631;15.372;39.769;8.123;12.487;39.396;5.73;10.67;40.375;6.808;10.348;40.241;5.73;10.67;40.375;5.66;11.249;39.956;5.252;15.258;40.588;3.855;15.417;40.525;8.123;12.487;39.396;8.262;10.054;39.756;7.016;6.294;41.951;6.726;1.817;40.111;5.73;10.67;40.375;4.671;10.294;40.522;6.381;15.238;40.402;7.631;15.372;39.769;6.808;10.348;40.241;7.016;6.294;41.951;5.677;15.689;39.601;5.937;16.575;41.064;3.343;12.616;40.835;3.259;10.214;41.587;3.855;15.417;40.525;3.343;12.616;40.835;5.66;11.249;39.956;5.725;13.612;40.116;5.725;13.612;40.116;5.677;15.689;39.601;4.718;6.235;42.232;5.164;1.829;40.332
4.738;10.211;41.095;4.897;6.244;43.002;7.723;15.29;40.342;8.165;12.426;39.795;5.802;10.578;40.963;6.878;10.248;40.833;5.802;10.578;40.963;5.742;11.165;40.552;5.361;15.176;41.201;3.966;15.354;41.146;8.165;12.426;39.795;8.317;9.971;39.933;7.198;6.289;42.738;7.013;1.498;42.012;5.802;10.578;40.963;4.738;10.211;41.095;6.488;15.15;41.003;7.723;15.29;40.342;6.878;10.248;40.833;7.198;6.289;42.738;5.777;15.602;40.208;6.059;16.493;41.665;3.45;12.582;41.647;3.439;10.265;42.635;3.966;15.354;41.146;3.45;12.582;41.647;5.742;11.165;40.552;5.82;13.526;40.728;5.82;13.526;40.728;5.777;15.602;40.208;4.897;6.244;43.002;5.446;1.525;42.196
4.819;10.092;41.647;5.068;6.191;43.677;7.83;15.171;40.947;8.234;12.337;40.237;5.887;10.451;41.525;6.961;10.112;41.396;5.887;10.451;41.525;5.835;11.044;41.123;5.473;15.051;41.813;4.08;15.248;41.751;8.234;12.337;40.237;8.391;9.879;40.16;7.37;6.222;43.422;7.277;1.38;43.672;5.887;10.451;41.525;4.819;10.092;41.647;6.599;15.021;41.614;7.83;15.171;40.947;6.961;10.112;41.396;7.37;6.222;43.422;5.891;15.483;40.823;6.179;16.37;42.28;3.556;12.504;42.379;3.594;10.264;43.533;4.08;15.248;41.751;3.556;12.504;42.379;5.835;11.044;41.123;5.924;13.402;41.327;5.924;13.402;41.327;5.891;15.483;40.823;5.068;6.191;43.677;5.708;1.417;43.831
4.924;9.972;42.209;5.15;6.155;44.397;7.964;15.039;41.574;8.321;12.238;40.724;5.996;10.323;42.101;7.068;9.977;41.981;5.996;10.323;42.101;5.952;10.919;41.703;5.605;14.921;42.434;4.215;15.134;42.364;8.321;12.238;40.724;8.469;9.794;40.451;7.455;6.171;44.166;7.363;1.437;45.207;5.996;10.323;42.101;4.924;9.972;42.209;6.732;14.886;42.238;7.964;15.039;41.574;7.068;9.977;41.981;7.455;6.171;44.166;6.029;15.361;41.45;6.32;16.239;42.913;3.682;12.414;43.086;3.749;10.24;44.355;4.215;15.134;42.364;3.682;12.414;43.086;5.952;10.919;41.703;6.049;13.275;41.931;6.049;13.275;41.931;6.029;15.361;41.45;5.15;6.155;44.397;5.792;1.475;45.346
5.043;9.859;42.803;5.138;6.016;44.952;8.106;14.924;42.208;8.423;12.146;41.269;6.118;10.208;42.72;7.191;9.86;42.615;6.118;10.208;42.72;6.083;10.81;42.329;5.748;14.812;43.069;4.361;15.038;42.99;8.423;12.146;41.269;8.561;9.721;40.86;7.447;6.025;44.766;7.238;1.335;45.979;6.118;10.208;42.72;5.043;9.859;42.803;6.876;14.773;42.875;8.106;14.924;42.208;7.191;9.86;42.615;7.447;6.025;44.766;6.176;15.252;42.087;6.473;16.133;43.547;3.821;12.334;43.764;3.895;10.197;45.096;4.361;15.038;42.99;3.821;12.334;43.764;6.083;10.81;42.329;6.186;13.165;42.563;6.186;13.165;42.563;6.176;15.252;42.087;5.138;6.016;44.952;5.666;1.364;46.094
5.191;9.808;43.495;5.193;5.892;45.512;8.287;14.864;42.902;8.569;12.099;41.914;6.266;10.16;43.426;7.341;9.815;43.33;6.266;10.16;43.426;6.234;10.765;43.039;5.92;14.773;43.741;4.537;15.015;43.641;8.569;12.099;41.914;8.691;9.689;41.422;7.504;5.906;45.352;7.221;1.154;46.277;6.266;10.16;43.426;5.191;9.808;43.495;7.049;14.725;43.557;8.287;14.864;42.902;7.341;9.815;43.33;7.504;5.906;45.352;6.359;15.208;42.762;6.653;16.096;44.217;3.967;12.308;44.38;3.992;10.151;45.683;4.537;15.015;43.641;3.967;12.308;44.38;6.234;10.765;43.039;6.348;13.122;43.243;6.348;13.122;43.243;6.359;15.208;42.762;5.193;5.892;45.512;5.649;1.175;46.385
5.361;9.798;44.277;5.28;5.82;46.166;8.466;14.848;43.593;8.733;12.072;42.632;6.434;10.156;44.213;7.512;9.817;44.128;6.434;10.156;44.213;6.402;10.758;43.822;6.095;14.781;44.425;4.714;15.029;44.314;8.733;12.072;42.632;8.845;9.657;42.162;7.592;5.843;46.027;7.264;1.031;46.53;6.434;10.156;44.213;5.361;9.798;44.277;7.224;14.724;44.245;8.466;14.848;43.593;7.512;9.817;44.128;7.592;5.843;46.027;6.539;15.198;43.44;6.835;16.107;44.883;4.136;12.315;45.023;4.122;10.131;46.278;4.714;15.029;44.314;4.136;12.315;45.023;6.402;10.758;43.822;6.517;13.12;43.955;6.517;13.12;43.955;6.539;15.198;43.44;5.28;5.82;46.166;5.693;1.042;46.639
5.539;9.853;44.987;5.382;5.793;46.688;8.632;14.891;44.254;8.902;12.086;43.38;6.608;10.222;44.908;7.688;9.894;44.814;6.608;10.222;44.908;6.564;10.82;44.512;6.255;14.848;45.074;4.874;15.099;44.966;8.902;12.086;43.38;9.004;9.651;43.024;7.692;5.836;46.527;7.307;1.003;46.597;6.608;10.222;44.908;5.539;9.853;44.987;7.384;14.786;44.896;8.632;14.891;44.254;7.688;9.894;44.814;7.692;5.836;46.527;6.702;15.262;44.089;7.002;16.17;45.531;4.321;12.355;45.574;4.291;10.105;46.706;4.874;15.099;44.966;4.321;12.355;45.574;6.564;10.82;44.512;6.67;13.185;44.606;6.67;13.185;44.606;6.702;15.262;44.089;5.382;5.793;46.688;5.739;0.988;46.738
5.703;9.929;45.672;5.483;5.779;47.133;8.811;14.938;44.945;9.117;12.102;44.193;6.768;10.302;45.574;7.849;9.977;45.47;6.768;10.302;45.574;6.717;10.894;45.17;6.412;14.923;45.713;5.032;15.179;45.603;9.117;12.102;44.193;9.219;9.649;44.001;7.79;5.827;46.944;7.35;1.01;46.604;6.768;10.302;45.574;5.703;9.929;45.672;7.542;14.853;45.549;8.811;14.938;44.945;7.849;9.977;45.47;7.79;5.827;46.944;6.875;15.339;44.737;7.167;16.241;46.185;4.488;12.41;46.095;4.421;10.096;47.087;5.032;15.179;45.603;4.488;12.41;46.095;6.717;10.894;45.17;6.82;13.259;45.241;6.82;13.259;45.241;6.875;15.339;44.737;5.483;5.779;47.133;5.784;0.983;46.779
5.827;10.049;46.292;5.552;5.817;47.48;8.953;15.027;45.587;9.322;12.159;45.009;6.892;10.419;46.174;7.97;10.092;46.062;6.892;10.419;46.174;6.836;11.005;45.761;6.532;15.031;46.3;5.152;15.286;46.188;9.322;12.159;45.009;9.432;9.698;45.056;7.856;5.855;47.262;7.353;1.08;46.584;6.892;10.419;46.174;5.827;10.049;46.292;7.665;14.958;46.151;8.953;15.027;45.587;7.97;10.092;46.062;7.856;5.855;47.262;7.012;15.455;45.334;7.295;16.339;46.794;4.628;12.495;46.559;4.541;10.125;47.409;5.152;15.286;46.188;4.628;12.495;46.559;6.836;11.005;45.761;6.939;13.37;45.816;6.939;13.37;45.816;7.012;15.455;45.334;5.552;5.817;47.48;5.79;1.054;46.787
5.948;10.194;46.88;5.636;5.895;47.791;9.06;15.158;46.187;9.51;12.267;45.818;7.011;10.557;46.734;8.086;10.222;46.6;7.011;10.557;46.734;6.949;11.137;46.315;6.626;15.157;46.863;5.244;15.404;46.756;9.51;12.267;45.818;9.631;9.83;46.162;7.934;5.917;47.521;7.367;1.195;46.579;7.011;10.557;46.734;5.948;10.194;46.88;7.76;15.089;46.722;9.06;15.158;46.187;8.086;10.222;46.6;7.934;5.917;47.521;7.111;15.594;45.907;7.393;16.455;47.381;4.734;12.594;46.978;4.624;10.172;47.661;5.244;15.404;46.756;4.734;12.594;46.978;6.949;11.137;46.315;7.042;13.503;46.362;7.042;13.503;46.362;7.111;15.594;45.907;5.636;5.895;47.791;5.81;1.177;46.827
6.06;10.343;47.43;5.706;5.993;48.02;9.187;15.292;46.784;9.703;12.394;46.603;7.126;10.686;47.254;8.19;10.331;47.094;7.126;10.686;47.254;7.063;11.266;46.834;6.739;15.274;47.419;5.357;15.52;47.31;9.703;12.394;46.603;9.806;10.015;47.237;7.996;5.971;47.69;7.334;1.301;46.566;7.126;10.686;47.254;6.06;10.343;47.43;7.874;15.213;47.287;9.187;15.292;46.784;8.19;10.331;47.094;7.996;5.971;47.69;7.231;15.73;46.475;7.506;16.563;47.966;4.846;12.703;47.384;4.711;10.245;47.918;5.357;15.52;47.31;4.846;12.703;47.384;7.063;11.266;46.834;7.165;13.631;46.893;7.165;13.631;46.893;7.231;15.73;46.475;5.706;5.993;48.02;5.785;1.317;46.857
6.164;10.436;47.924;5.764;6.059;48.207;9.316;15.379;47.373;9.939;12.497;47.438;7.234;10.758;47.737;8.289;10.382;47.564;7.234;10.758;47.737;7.178;11.34;47.319;6.854;15.335;47.959;5.472;15.579;47.843;9.939;12.497;47.438;10.037;10.241;48.422;8.05;5.993;47.852;7.317;1.376;46.563;7.234;10.758;47.737;6.164;10.436;47.924;7.991;15.282;47.84;9.316;15.379;47.373;8.289;10.382;47.564;8.05;5.993;47.852;7.356;15.809;47.028;7.612;16.622;48.534;4.944;12.764;47.779;4.769;10.282;48.169;5.472;15.579;47.843;4.944;12.764;47.779;7.178;11.34;47.319;7.296;13.703;47.411;7.296;13.703;47.411;7.356;15.809;47.028;5.764;6.059;48.207;5.771;1.428;46.871
6.268;10.4;48.403;5.828;6.018;48.404;9.389;15.383;47.919;10.081;12.525;48.154;7.337;10.723;48.208;8.388;10.349;48.011;7.337;10.723;48.208;7.277;11.315;47.805;6.933;15.294;48.524;5.548;15.53;48.434;10.081;12.525;48.154;10.154;10.428;49.445;8.108;5.953;48.013;7.303;1.396;46.565;7.337;10.723;48.208;6.268;10.4;48.403;8.069;15.256;48.392;9.389;15.383;47.919;8.388;10.349;48.011;8.108;5.953;48.013;7.419;15.79;47.596;7.686;16.584;49.111;5.003;12.726;48.231;4.798;10.227;48.469;5.548;15.53;48.434;5.003;12.726;48.231;7.277;11.315;47.805;7.389;13.677;47.942;7.389;13.677;47.942;7.419;15.79;47.596;5.828;6.018;48.404;5.762;1.441;46.895
6.384;10.272;48.906;5.89;5.903;48.643;9.469;15.307;48.48;10.236;12.491;48.902;7.449;10.61;48.717;8.502;10.251;48.507;7.449;10.61;48.717;7.382;11.213;48.332;7.017;15.183;49.093;5.632;15.422;49.011;10.236;12.491;48.902;10.285;10.605;50.486;8.169;5.867;48.241;7.293;1.4;46.57;7.449;10.61;48.717;6.384;10.272;48.906;8.153;15.156;48.956;9.469;15.307;48.48;8.502;10.251;48.507;8.169;5.867;48.241;7.495;15.688;48.166;7.762;16.486;49.678;5.069;12.633;48.684;4.825;10.128;48.782;5.632;15.422;49.011;5.069;12.633;48.684;7.382;11.213;48.332;7.485;13.573;48.502;7.485;13.573;48.502;7.495;15.688;48.166;5.89;5.903;48.643;5.752;1.412;46.9
6.5;10.12;49.39;5.95;5.776;48.909;9.553;15.195;49.052;10.386;12.425;49.628;7.563;10.474;49.222;8.624;10.133;49.014;7.563;10.474;49.222;7.494;11.087;48.852;7.101;15.047;49.658;5.718;15.292;49.578;10.386;12.425;49.628;10.412;10.749;51.433;8.234;5.772;48.531;7.3;1.433;46.579;7.563;10.474;49.222;6.5;10.12;49.39;8.238;15.028;49.526;9.553;15.195;49.052;8.624;10.133;49.014;8.234;5.772;48.531;7.579;15.561;48.736;7.834;16.363;50.249;5.144;12.522;49.13;4.858;10.02;49.081;5.718;15.292;49.578;5.144;12.522;49.13;7.494;11.087;48.852;7.581;13.445;49.058;7.581;13.445;49.058;7.579;15.561;48.736;5.95;5.776;48.909;5.754;1.407;46.884
6.598;9.959;49.967;6.009;5.644;49.301;9.645;15.042;49.662;10.514;12.31;50.356;7.659;10.323;49.808;8.722;9.992;49.597;7.659;10.323;49.808;7.587;10.941;49.449;7.194;14.9;50.271;5.811;15.153;50.197;10.514;12.31;50.356;10.531;10.821;52.318;8.293;5.66;48.926;7.31;1.511;46.617;7.659;10.323;49.808;6.598;9.959;49.967;8.33;14.881;50.139;9.645;15.042;49.662;8.722;9.992;49.597;8.293;5.66;48.926;7.671;15.415;49.351;7.916;16.228;50.858;5.224;12.405;49.645;4.887;9.916;49.448;5.811;15.153;50.197;5.224;12.405;49.645;7.587;10.941;49.449;7.672;13.298;49.668;7.672;13.298;49.668;7.671;15.415;49.351;6.009;5.644;49.301;5.763;1.467;46.913
6.673;9.871;50.564;6.058;5.579;49.787;9.714;14.94;50.23;10.586;12.214;50.945;7.737;10.228;50.41;8.798;9.891;50.198;7.737;10.228;50.41;7.671;10.85;50.055;7.271;14.809;50.87;5.889;15.066;50.806;10.586;12.214;50.945;10.615;10.85;52.996;8.342;5.58;49.415;7.332;1.681;46.714;7.737;10.228;50.41;6.673;9.871;50.564;8.407;14.792;50.73;9.714;14.94;50.23;8.798;9.891;50.198;8.342;5.58;49.415;7.741;15.324;49.946;7.981;16.144;51.45;5.282;12.33;50.213;4.9;9.856;49.938;5.889;15.066;50.806;5.282;12.33;50.213;7.671;10.85;50.055;7.749;13.207;50.266;7.749;13.207;50.266;7.741;15.324;49.946;6.058;5.579;49.787;5.784;1.653;47.006
6.764;9.796;51.286;6.15;5.515;50.453;9.763;14.863;50.832;10.624;12.117;51.479;7.83;10.144;51.119;8.885;9.796;50.896;7.83;10.144;51.119;7.764;10.765;50.763;7.332;14.732;51.513;5.949;14.987;51.45;10.624;12.117;51.479;10.694;10.779;53.546;8.43;5.497;50.053;7.397;1.967;46.893;7.83;10.144;51.119;6.764;9.796;51.286;8.466;14.723;51.361;9.763;14.863;50.832;8.885;9.796;50.896;8.43;5.497;50.053;7.788;15.24;50.577;8.028;16.087;52.067;5.343;12.258;50.827;4.943;9.792;50.498;5.949;14.987;51.45;5.343;12.258;50.827;7.764;10.765;50.763;7.817;13.127;50.923;7.817;13.127;50.923;7.788;15.24;50.577;6.15;5.515;50.453;5.853;1.967;47.205
6.861;9.802;52.023;6.257;5.506;51.261;9.839;14.85;51.509;10.663;12.072;52.063;7.93;10.134;51.846;8.979;9.77;51.618;7.93;10.134;51.846;7.871;10.754;51.488;7.402;14.726;52.175;6.02;14.98;52.092;10.663;12.072;52.063;10.749;10.669;54.086;8.534;5.457;50.843;7.489;2.404;47.223;7.93;10.134;51.846;6.861;9.802;52.023;8.538;14.723;52.032;9.839;14.85;51.509;8.979;9.77;51.618;8.534;5.457;50.843;7.862;15.228;51.238;8.076;16.101;52.717;5.437;12.247;51.463;5.06;9.778;51.137;6.02;14.98;52.092;5.437;12.247;51.463;7.871;10.754;51.488;7.902;13.119;51.605;7.902;13.119;51.605;7.862;15.228;51.238;6.257;5.506;51.261;5.948;2.444;47.552
6.944;9.866;52.745;6.462;5.511;52.295;9.914;14.884;52.171;10.685;12.065;52.57;8.016;10.19;52.569;9.066;9.818;52.361;8.016;10.19;52.569;7.961;10.799;52.191;7.465;14.778;52.798;6.085;15.036;52.694;10.685;12.065;52.57;10.783;10.499;54.469;8.743;5.449;51.9;7.808;2.796;47.95;8.016;10.19;52.569;6.944;9.866;52.745;8.602;14.775;52.669;9.914;14.884;52.171;9.066;9.818;52.361;8.743;5.449;51.9;7.936;15.273;51.863;8.119;16.166;53.334;5.525;12.292;52.091;5.189;9.81;51.821;6.085;15.036;52.694;5.525;12.292;52.091;7.961;10.799;52.191;7.973;13.167;52.246;7.973;13.167;52.246;7.936;15.273;51.863;6.462;5.511;52.295;6.265;2.868;48.27
7.01;9.971;53.405;6.589;5.586;53.342;9.998;14.948;52.806;10.7;12.091;53.012;8.083;10.289;53.23;9.134;9.911;53.042;8.083;10.289;53.23;8.033;10.889;52.837;7.536;14.87;53.399;6.157;15.128;53.294;10.7;12.091;53.012;10.799;10.323;54.725;8.874;5.514;52.969;7.998;3.208;48.795;8.083;10.289;53.23;7.01;9.971;53.405;8.674;14.862;53.277;9.998;14.948;52.806;9.134;9.911;53.042;8.874;5.514;52.969;8.015;15.363;52.467;8.183;16.264;53.936;5.617;12.362;52.782;5.342;9.861;52.649;6.157;15.128;53.294;5.617;12.362;52.782;8.033;10.889;52.837;8.042;13.257;52.849;8.042;13.257;52.849;8.015;15.363;52.467;6.589;5.586;53.342;6.451;3.298;49.103
7.08;10.096;53.991;6.813;5.728;54.487;10.073;15.048;53.376;10.713;12.168;53.367;8.152;10.422;53.823;9.21;10.051;53.66;8.152;10.422;53.823;8.101;11.009;53.411;7.601;14.991;53.94;6.22;15.247;53.842;10.713;12.168;53.367;10.816;10.197;54.84;9.104;5.675;54.148;8.318;3.203;50.051;8.152;10.422;53.823;7.08;10.096;53.991;8.739;14.979;53.821;10.073;15.048;53.376;9.21;10.051;53.66;9.104;5.675;54.148;8.084;15.485;53.011;8.244;16.387;54.479;5.693;12.456;53.47;5.486;9.947;53.532;6.22;15.247;53.842;5.693;12.456;53.47;8.101;11.009;53.411;8.103;13.378;53.387;8.103;13.378;53.387;8.084;15.485;53.011;6.813;5.728;54.487;6.765;3.294;50.328
7.156;10.234;54.553;7.026;5.953;55.585;10.14;15.166;53.886;10.704;12.28;53.654;8.226;10.57;54.386;9.29;10.209;54.242;8.226;10.57;54.386;8.17;11.146;53.961;7.675;15.126;54.489;6.29;15.375;54.435;10.704;12.28;53.654;10.824;10.146;54.879;9.32;5.924;55.266;8.607;2.912;51.533;8.226;10.57;54.386;7.156;10.234;54.553;8.811;15.113;54.346;10.14;15.166;53.886;9.29;10.209;54.242;9.32;5.924;55.266;8.14;15.623;53.551;8.323;16.532;55.012;5.77;12.564;54.27;5.642;10.066;54.571;6.29;15.375;54.435;5.77;12.564;54.27;8.17;11.146;53.961;8.162;13.514;53.921;8.162;13.514;53.921;8.14;15.623;53.551;7.026;5.953;55.585;7.05;2.994;51.782
7.21;10.322;55.1;7.243;6.156;56.528;10.205;15.252;54.386;10.703;12.384;53.907;8.276;10.672;54.939;9.347;10.324;54.807;8.276;10.672;54.939;8.217;11.243;54.508;7.75;15.228;55.025;6.367;15.486;54.991;10.703;12.384;53.907;10.834;10.121;54.871;9.54;6.158;56.226;8.965;2.496;53.1;8.276;10.672;54.939;7.21;10.322;55.1;8.884;15.205;54.868;10.205;15.252;54.386;9.347;10.324;54.807;9.54;6.158;56.226;8.207;15.719;54.081;8.408;16.636;55.535;5.84;12.671;55.024;5.805;10.217;55.59;6.367;15.486;54.991;5.84;12.671;55.024;8.217;11.243;54.508;8.216;13.611;54.453;8.216;13.611;54.453;8.207;15.719;54.081;7.243;6.156;56.528;7.401;2.564;53.319
7.286;10.366;55.584;7.407;6.311;57.3;10.315;15.293;54.931;10.744;12.471;54.188;8.355;10.72;55.453;9.43;10.377;55.35;8.355;10.72;55.453;8.305;11.293;55.022;7.858;15.278;55.561;6.477;15.547;55.516;10.744;12.471;54.188;10.85;10.103;54.858;9.711;6.328;57.06;9.322;2.057;54.797;8.355;10.72;55.453;7.286;10.366;55.584;8.993;15.247;55.412;10.315;15.293;54.931;9.43;10.377;55.35;9.711;6.328;57.06;8.326;15.771;54.624;8.518;16.694;56.075;5.938;12.742;55.727;5.998;10.367;56.562;6.477;15.547;55.516;5.938;12.742;55.727;8.305;11.293;55.022;8.315;13.661;54.983;8.315;13.661;54.983;8.326;15.771;54.624;7.407;6.311;57.3;7.751;2.117;54.951
7.367;10.323;56.092;7.584;6.341;57.964;10.399;15.263;55.494;10.79;12.504;54.529;8.44;10.676;55.995;9.517;10.331;55.921;8.44;10.676;55.995;8.403;11.252;55.567;7.94;15.238;56.109;6.559;15.499;56.041;10.79;12.504;54.529;10.893;10.075;54.93;9.894;6.359;57.788;9.689;1.687;56.508;8.44;10.676;55.995;7.367;10.323;56.092;9.077;15.209;55.973;10.399;15.263;55.494;9.517;10.331;55.921;9.894;6.359;57.788;8.418;15.729;55.175;8.596;16.681;56.609;6.013;12.719;56.464;6.162;10.469;57.586;6.559;15.499;56.041;6.013;12.719;56.464;8.403;11.252;55.567;8.407;13.62;55.542;8.407;13.62;55.542;8.418;15.729;55.175;7.584;6.341;57.964;8.111;1.752;56.594
7.455;10.253;56.566;7.738;6.319;58.527;10.519;15.189;56.022;10.857;12.505;54.847;8.534;10.594;56.499;9.608;10.237;56.447;8.534;10.594;56.499;8.515;11.175;56.077;8.061;15.165;56.629;6.68;15.42;56.539;10.857;12.505;54.847;10.942;10.048;54.997;10.051;6.315;58.402;9.96;1.473;58.143;8.534;10.594;56.499;7.455;10.253;56.566;9.199;15.131;56.506;10.519;15.189;56.022;9.608;10.237;56.447;10.051;6.315;58.402;8.552;15.651;55.699;8.723;16.626;57.118;6.112;12.685;57.171;6.356;10.611;58.58;6.68;15.42;56.539;6.112;12.685;57.171;8.515;11.175;56.077;8.529;13.543;56.072;8.529;13.543;56.072;8.552;15.651;55.699;7.738;6.319;58.527;8.378;1.556;58.168
7.557;10.14;57.106;7.839;6.244;59.142;10.622;15.074;56.594;10.922;12.465;55.251;8.638;10.474;57.053;9.711;10.111;57.012;8.638;10.474;57.053;8.628;11.056;56.63;8.161;15.047;57.178;6.778;15.28;57.05;10.922;12.465;55.251;10.993;10.004;55.168;10.153;6.226;59.041;10.086;1.415;59.644;8.638;10.474;57.053;7.557;10.14;57.106;9.3;15.015;57.074;10.622;15.074;56.594;9.711;10.111;57.012;10.153;6.226;59.041;8.665;15.531;56.254;8.813;16.526;57.663;6.206;12.589;57.846;6.551;10.731;59.512;6.778;15.28;57.05;6.206;12.589;57.846;8.628;11.056;56.63;8.642;13.424;56.634;8.642;13.424;56.634;8.665;15.531;56.254;7.839;6.244;59.142;8.503;1.497;59.638
7.685;10.087;57.61;7.902;6.163;59.598;10.775;15.0;57.123;11.038;12.429;55.701;8.769;10.413;57.576;9.84;10.042;57.552;8.769;10.413;57.576;8.77;10.997;57.156;8.305;14.993;57.662;6.919;15.173;57.492;11.038;12.429;55.701;11.082;9.978;55.458;10.218;6.127;59.535;10.096;1.362;60.427;8.769;10.413;57.576;7.685;10.087;57.61;9.447;14.961;57.588;10.775;15.0;57.123;9.84;10.042;57.552;10.218;6.127;59.535;8.832;15.467;56.746;8.941;16.472;58.151;6.495;12.5;58.429;7.087;10.958;60.33;6.919;15.173;57.492;6.495;12.5;58.429;8.77;10.997;57.156;8.8;13.365;57.15;8.8;13.365;57.15;8.832;15.467;56.746;7.902;6.163;59.598;8.513;1.449;60.39
7.839;10.027;58.21;7.902;6.013;60.022;10.939;14.929;57.69;11.165;12.374;56.234;8.925;10.351;58.19;9.994;9.977;58.181;8.925;10.351;58.19;8.932;10.934;57.77;8.472;14.934;58.236;7.083;15.068;58.055;11.165;12.374;56.234;11.2;9.935;55.889;10.218;5.968;59.99;9.93;1.167;60.612;8.925;10.351;58.19;7.839;10.027;58.21;9.614;14.904;58.166;10.939;14.929;57.69;9.994;9.977;58.181;10.218;5.968;59.99;9.002;15.4;57.317;9.097;16.423;58.71;6.678;12.415;59.056;7.299;10.986;61.035;7.083;15.068;58.055;6.678;12.415;59.056;8.932;10.934;57.77;8.974;13.302;57.742;8.974;13.302;57.742;9.002;15.4;57.317;7.902;6.013;60.022;8.35;1.245;60.556
