0.0;10.351;0.0;0.004;10.992;-0.325;-1.049;5.653;0.583;-1.211;1.452;-1.773;0.802;14.916;0.474;2.164;15.059;0.148;-2.567;12.201;-0.09;-2.839;9.727;0.297;-1.717;14.929;0.104;-2.567;12.201;-0.09;-0.338;14.95;0.385;-1.717;14.929;0.104;0.0;10.351;0.0;1.076;10.0;-0.046;2.164;15.059;0.148;2.648;12.158;-0.079;0.004;10.992;-0.325;0.227;13.341;-0.114;-1.08;10.011;-0.051;-1.049;5.653;0.583;0.0;10.351;0.0;-1.08;10.011;-0.051;0.227;13.341;-0.114;0.315;15.457;-0.426;1.076;10.0;-0.046;0.765;5.619;-0.387;2.648;12.158;-0.079;2.546;9.727;0.305;0.315;15.457;-0.426;0.311;16.258;1.108;0.765;5.619;-0.387;0.423;1.178;-2.302
0.048;10.336;0.162;0.054;10.977;-0.164;-0.96;5.694;1.046;-1.096;1.606;-1.501;0.86;14.888;0.687;2.229;15.022;0.39;-2.512;12.193;0.035;-2.81;9.719;0.403;-1.651;14.915;0.264;-2.512;12.193;0.035;-0.279;14.93;0.577;-1.651;14.915;0.264;0.048;10.336;0.162;1.124;9.985;0.121;2.229;15.022;0.39;2.722;12.124;0.15;0.054;10.977;-0.164;0.286;13.322;0.073;-1.032;9.996;0.106;-0.96;5.694;1.046;0.048;10.336;0.162;-1.032;9.996;0.106;0.286;13.322;0.073;0.391;15.44;-0.217;1.124;9.985;0.121;0.801;5.615;-0.332;2.722;12.124;0.15;2.63;9.689;0.511;0.391;15.44;-0.217;0.373;16.23;1.322;0.801;5.615;-0.332;0.427;1.201;-2.303
0.081;10.325;0.33;0.088;10.965;0.004;-0.877;5.765;1.525;-0.92;1.676;-1.024;0.913;14.857;0.927;2.291;14.977;0.661;-2.456;12.193;0.165;-2.78;9.716;0.487;-1.588;14.907;0.455;-2.456;12.193;0.165;-0.223;14.909;0.799;-1.588;14.907;0.455;0.081;10.325;0.33;1.158;9.973;0.293;2.291;14.977;0.661;2.79;12.079;0.434;0.088;10.965;0.004;0.339;13.304;0.281;-0.998;9.985;0.27;-0.877;5.765;1.525;0.081;10.325;0.33;-0.998;9.985;0.27;0.339;13.304;0.281;0.466;15.426;0.023;1.158;9.973;0.293;0.83;5.618;-0.277;2.79;12.079;0.434;2.705;9.644;0.797;0.466;15.426;0.023;0.432;16.199;1.571;0.83;5.618;-0.277;0.425;1.23;-2.301
0.111;10.338;0.53;0.12;10.978;0.204;-0.803;5.887;2.038;-0.675;1.677;-0.303;0.961;14.854;1.188;2.34;14.976;0.932;-2.406;12.212;0.345;-2.753;9.732;0.617;-1.535;14.918;0.69;-2.406;12.212;0.345;-0.174;14.911;1.051;-1.535;14.918;0.69;0.111;10.338;0.53;1.188;9.986;0.498;2.34;14.976;0.932;2.87;12.079;0.771;0.12;10.978;0.204;0.386;13.31;0.522;-0.968;9.998;0.466;-0.803;5.887;2.038;0.111;10.338;0.53;-0.968;9.998;0.466;0.386;13.31;0.522;0.521;15.433;0.286;1.188;9.986;0.498;0.861;5.65;-0.204;2.87;12.079;0.771;2.788;9.657;1.218;0.521;15.433;0.286;0.483;16.194;1.84;0.861;5.65;-0.204;0.429;1.293;-2.289
0.138;10.329;0.726;0.148;10.969;0.4;-0.768;5.989;2.492;-0.463;1.554;0.631;1.005;14.825;1.463;2.384;14.957;1.212;-2.363;12.212;0.526;-2.736;9.727;0.704;-1.488;14.905;0.955;-2.363;12.212;0.526;-0.129;14.884;1.323;-1.488;14.905;0.955;0.138;10.329;0.726;1.215;9.976;0.7;2.384;14.957;1.212;2.951;12.064;1.121;0.148;10.969;0.4;0.432;13.29;0.773;-0.941;9.989;0.657;-0.768;5.989;2.492;0.138;10.329;0.726;-0.941;9.989;0.657;0.432;13.29;0.773;0.569;15.417;0.568;1.215;9.976;0.7;0.891;5.663;-0.134;2.951;12.064;1.121;2.86;9.667;1.684;0.569;15.417;0.568;0.529;16.162;2.13;0.891;5.663;-0.134;0.436;1.343;-2.288
0.167;10.282;0.971;0.175;10.923;0.645;-0.728;6.051;2.964;-0.326;1.386;1.825;1.042;14.758;1.785;2.419;14.911;1.532;-2.326;12.178;0.745;-2.725;9.691;0.789;-1.453;14.851;1.287;-2.326;12.178;0.745;-0.093;14.816;1.651;-1.453;14.851;1.287;0.167;10.282;0.971;1.244;9.93;0.937;2.419;14.911;1.532;3.023;12.024;1.507;0.175;10.923;0.645;0.471;13.234;1.072;-0.912;9.943;0.909;-0.728;6.051;2.964;0.167;10.282;0.971;-0.912;9.943;0.909;0.471;13.234;1.072;0.599;15.364;0.902;1.244;9.93;0.937;0.92;5.646;-0.034;3.023;12.024;1.507;2.913;9.662;2.201;0.599;15.364;0.902;0.564;16.095;2.47;0.92;5.646;-0.034;0.432;1.377;-2.281
0.189;10.215;1.242;0.192;10.856;0.918;-0.672;6.078;3.414;-0.167;1.297;3.08;1.085;14.666;2.138;2.458;14.837;1.882;-2.295;12.124;1.04;-2.72;9.641;0.985;-1.413;14.777;1.661;-2.295;12.124;1.04;-0.052;14.725;2.014;-1.413;14.777;1.661;0.189;10.215;1.242;1.265;9.864;1.194;2.458;14.837;1.882;3.095;11.957;1.909;0.192;10.856;0.918;0.51;13.153;1.404;-0.891;9.876;1.194;-0.672;6.078;3.414;0.189;10.215;1.242;-0.891;9.876;1.194;0.51;13.153;1.404;0.635;15.285;1.269;1.265;9.864;1.194;0.939;5.614;0.083;3.095;11.957;1.909;2.963;9.636;2.723;0.635;15.285;1.269;0.608;16.005;2.843;0.939;5.614;0.083;0.417;1.41;-2.276
0.215;10.119;1.578;0.213;10.761;1.254;-0.624;6.061;3.892;-0.064;1.296;4.34;1.113;14.554;2.53;2.484;14.744;2.272;-2.265;12.042;1.355;-2.711;9.568;1.19;-1.386;14.674;2.064;-2.265;12.042;1.355;-0.024;14.609;2.413;-1.386;14.674;2.064;0.215;10.119;1.578;1.29;9.769;1.513;2.484;14.744;2.272;3.149;11.872;2.357;0.213;10.761;1.254;0.541;13.047;1.783;-0.866;9.779;1.544;-0.624;6.061;3.892;0.215;10.119;1.578;-0.866;9.779;1.544;0.541;13.047;1.783;0.656;15.181;1.671;1.29;9.769;1.513;0.956;5.558;0.263;3.149;11.872;2.357;2.994;9.598;3.292;0.656;15.181;1.671;0.637;15.893;3.248;0.956;5.558;0.263;0.411;1.451;-2.256
0.235;10.027;1.956;0.228;10.669;1.634;-0.58;6.014;4.355;0.008;1.331;5.329;1.126;14.454;2.942;2.493;14.658;2.678;-2.24;11.955;1.706;-2.697;9.492;1.442;-1.376;14.571;2.489;-2.24;11.955;1.706;-0.013;14.502;2.834;-1.376;14.571;2.489;0.235;10.027;1.956;1.309;9.677;1.875;2.493;14.658;2.678;3.182;11.793;2.807;0.228;10.669;1.634;0.558;12.948;2.189;-0.846;9.686;1.937;-0.58;6.014;4.355;0.235;10.027;1.956;-0.846;9.686;1.937;0.558;12.948;2.189;0.658;15.084;2.09;1.309;9.677;1.875;0.979;5.503;0.506;3.182;11.793;2.807;3.018;9.559;3.833;0.658;15.084;2.09;0.65;15.787;3.671;0.979;5.503;0.506;0.44;1.518;-2.204
0.261;9.971;2.408;0.249;10.614;2.088;-0.5;5.943;4.795;0.135;1.299;5.913;1.134;14.4;3.41;2.502;14.605;3.145;-2.215;11.9;2.13;-2.682;9.448;1.793;-1.368;14.507;2.959;-2.215;11.9;2.13;-0.005;14.441;3.304;-1.368;14.507;2.959;0.261;9.971;2.408;1.335;9.622;2.309;2.502;14.605;3.145;3.195;11.743;3.304;0.249;10.614;2.088;0.575;12.89;2.658;-0.82;9.63;2.405;-0.5;5.943;4.795;0.261;9.971;2.408;-0.82;9.63;2.405;0.575;12.89;2.658;0.66;15.027;2.559;1.335;9.622;2.309;1.001;5.483;0.838;3.195;11.743;3.304;3.032;9.533;4.381;0.66;15.027;2.559;0.656;15.73;4.14;1.001;5.483;0.838;0.475;1.683;-2.127
0.274;9.969;2.918;0.256;10.613;2.6;-0.433;5.853;5.173;0.216;1.153;6.014;1.125;14.401;3.932;2.496;14.603;3.681;-2.177;11.891;2.584;-2.632;9.448;2.17;-1.374;14.495;3.465;-2.177;11.891;2.584;-0.014;14.436;3.822;-1.374;14.495;3.465;0.274;9.969;2.918;1.345;9.621;2.8;2.496;14.603;3.681;3.181;11.736;3.798;0.256;10.613;2.6;0.576;12.887;3.179;-0.807;9.627;2.933;-0.433;5.853;5.173;0.274;9.969;2.918;-0.807;9.627;2.933;0.576;12.887;3.179;0.652;15.024;3.079;1.345;9.621;2.8;1.012;5.511;1.251;3.181;11.736;3.798;3.028;9.501;4.822;0.652;15.024;3.079;0.644;15.733;4.657;1.012;5.511;1.251;0.517;1.95;-2.003
0.282;9.998;3.502;0.259;10.643;3.186;-0.368;5.79;5.601;0.277;1.038;6.078;1.099;14.445;4.494;2.472;14.638;4.25;-2.156;11.914;3.114;-2.591;9.475;2.66;-1.398;14.525;4.015;-2.156;11.914;3.114;-0.04;14.473;4.381;-1.398;14.525;4.015;0.282;9.998;3.502;1.352;9.65;3.366;2.472;14.638;4.25;3.139;11.765;4.301;0.259;10.643;3.186;0.56;12.922;3.753;-0.798;9.655;3.533;-0.368;5.79;5.601;0.282;9.998;3.502;-0.798;9.655;3.533;0.56;12.922;3.753;0.624;15.059;3.634;1.352;9.65;3.366;1.021;5.545;1.804;3.139;11.765;4.301;3.014;9.487;5.23;0.624;15.059;3.634;0.617;15.787;5.204;1.021;5.545;1.804;0.569;2.278;-1.75
0.322;10.08;4.144;0.3;10.724;3.827;-0.315;5.767;6.028;0.306;0.99;6.143;1.09;14.548;5.1;2.466;14.737;4.87;-2.125;11.987;3.711;-2.541;9.544;3.258;-1.403;14.613;4.598;-2.125;11.987;3.711;-0.048;14.567;4.977;-1.403;14.613;4.598;0.322;10.08;4.144;1.393;9.732;4.011;2.466;14.737;4.87;3.115;11.861;4.779;0.3;10.724;3.827;0.567;13.014;4.37;-0.757;9.737;4.172;-0.315;5.767;6.028;0.322;10.08;4.144;-0.757;9.737;4.172;0.567;13.014;4.37;0.618;15.15;4.229;1.393;9.732;4.011;1.049;5.583;2.572;3.115;11.861;4.779;3.027;9.516;5.531;0.618;15.15;4.229;0.601;15.899;5.789;1.049;5.583;2.572;0.682;2.687;-1.3
0.359;10.151;4.765;0.342;10.795;4.446;-0.293;5.733;6.39;0.314;0.957;6.188;1.09;14.639;5.675;2.467;14.818;5.443;-2.111;12.042;4.355;-2.508;9.587;3.953;-1.405;14.692;5.181;-2.111;12.042;4.355;-0.048;14.651;5.553;-1.405;14.692;5.181;0.359;10.151;4.765;1.431;9.803;4.65;2.467;14.818;5.443;3.087;11.945;5.197;0.342;10.795;4.446;0.574;13.095;4.961;-0.721;9.809;4.777;-0.293;5.733;6.39;0.359;10.151;4.765;-0.721;9.809;4.777;0.574;13.095;4.961;0.614;15.229;4.8;1.431;9.803;4.65;1.092;5.569;3.483;3.087;11.945;5.197;3.03;9.55;5.771;0.614;15.229;4.8;0.601;15.993;6.353;1.092;5.569;3.483;0.877;3.028;-0.641
0.393;10.231;5.362;0.382;10.874;5.041;-0.289;5.705;6.671;0.317;0.948;6.197;1.097;14.736;6.226;2.473;14.906;5.981;-2.102;12.087;5.04;-2.482;9.615;4.738;-1.404;14.771;5.757;-2.102;12.087;5.04;-0.042;14.74;6.112;-1.404;14.771;5.757;0.393;10.231;5.362;1.467;9.881;5.267;2.473;14.906;5.981;3.074;12.041;5.621;0.382;10.874;5.041;0.586;13.182;5.531;-0.688;9.89;5.355;-0.289;5.705;6.671;0.393;10.231;5.362;-0.688;9.89;5.355;0.586;13.182;5.531;0.612;15.315;5.348;1.467;9.881;5.267;1.163;5.54;4.585;3.074;12.041;5.621;3.048;9.618;6.066;0.612;15.315;5.348;0.61;16.091;6.895;1.163;5.54;4.585;1.055;3.233;0.321
0.428;10.306;5.935;0.42;10.948;5.614;-0.284;5.688;6.905;0.315;0.959;6.2;1.128;14.825;6.749;2.497;14.988;6.462;-2.089;12.132;5.751;-2.455;9.647;5.563;-1.384;14.844;6.346;-2.089;12.132;5.751;-0.013;14.822;6.662;-1.384;14.844;6.346;0.428;10.306;5.935;1.502;9.956;5.849;2.497;14.988;6.462;3.077;12.133;6.001;0.42;10.948;5.614;0.609;13.263;6.078;-0.653;9.965;5.92;-0.284;5.688;6.905;0.428;10.306;5.935;-0.653;9.965;5.92;0.609;13.263;6.078;0.62;15.395;5.879;1.502;9.956;5.849;1.271;5.558;5.761;3.077;12.133;6.001;3.077;9.696;6.359;0.62;15.395;5.879;0.648;16.174;7.424;1.271;5.558;5.761;1.156;3.259;1.493
0.45;10.391;6.487;0.446;11.033;6.165;-0.286;5.706;7.1;0.319;1.012;6.192;1.168;14.921;7.248;2.523;15.08;6.899;-2.082;12.191;6.512;-2.428;9.696;6.499;-1.357;14.93;6.931;-2.082;12.191;6.512;0.025;14.915;7.198;-1.357;14.93;6.931;0.45;10.391;6.487;1.525;10.041;6.412;2.523;15.08;6.899;3.081;12.237;6.347;0.446;11.033;6.165;0.631;13.353;6.605;-0.63;10.051;6.463;-0.286;5.706;7.1;0.45;10.391;6.487;-0.63;10.051;6.463;0.631;13.353;6.605;0.63;15.483;6.39;1.525;10.041;6.412;1.389;5.681;7.02;3.081;12.237;6.347;3.105;9.793;6.652;0.63;15.483;6.39;0.7;16.263;7.934;1.389;5.681;7.02;1.286;3.073;2.933
0.482;10.461;7.014;0.477;11.104;6.692;-0.283;5.737;7.284;0.312;1.081;6.195;1.224;14.989;7.758;2.564;15.15;7.354;-2.076;12.259;7.278;-2.41;9.767;7.432;-1.311;15.008;7.533;-2.076;12.259;7.278;0.08;14.985;7.746;-1.311;15.008;7.533;0.482;10.461;7.014;1.557;10.111;6.936;2.564;15.15;7.354;3.108;12.322;6.718;0.477;11.104;6.692;0.664;13.424;7.131;-0.598;10.121;6.992;-0.283;5.737;7.284;0.482;10.461;7.014;-0.598;10.121;6.992;0.664;13.424;7.131;0.658;15.554;6.92;1.557;10.111;6.936;1.564;5.875;8.142;3.108;12.322;6.718;3.154;9.873;6.982;0.658;15.554;6.92;0.772;16.328;8.463;1.564;5.875;8.142;1.412;2.673;4.503
0.519;10.474;7.554;0.513;11.116;7.232;-0.276;5.738;7.491;0.304;1.131;6.2;1.28;15.002;8.275;2.602;15.168;7.82;-2.056;12.285;8.049;-2.363;9.806;8.378;-1.262;15.035;8.133;-2.056;12.285;8.049;0.136;15.0;8.298;-1.262;15.035;8.133;0.519;10.474;7.554;1.594;10.123;7.473;2.602;15.168;7.82;3.136;12.355;7.111;0.513;11.116;7.232;0.698;13.437;7.668;-0.561;10.133;7.534;-0.276;5.738;7.491;0.519;10.474;7.554;-0.561;10.133;7.534;0.698;13.437;7.668;0.69;15.567;7.454;1.594;10.123;7.473;1.748;6.06;9.165;3.136;12.355;7.111;3.205;9.903;7.342;0.69;15.567;7.454;0.845;16.343;8.992;1.748;6.06;9.165;1.582;2.135;6.321
0.566;10.444;8.105;0.561;11.086;7.783;-0.257;5.72;7.729;0.312;1.18;6.219;1.342;14.971;8.812;2.651;15.141;8.323;-2.014;12.277;8.827;-2.28;9.825;9.338;-1.203;15.023;8.736;-2.014;12.277;8.827;0.199;14.973;8.861;-1.203;15.023;8.736;0.566;10.444;8.105;1.641;10.093;8.027;2.651;15.141;8.323;3.177;12.342;7.556;0.561;11.086;7.783;0.741;13.407;8.221;-0.514;10.103;8.083;-0.257;5.72;7.729;0.566;10.444;8.105;-0.514;10.103;8.083;0.741;13.407;8.221;0.736;15.536;8.003;1.641;10.093;8.027;1.932;6.191;10.05;3.177;12.342;7.556;3.263;9.888;7.76;0.736;15.536;8.003;0.924;16.318;9.536;1.932;6.191;10.05;1.83;1.693;8.243
0.616;10.354;8.668;0.611;10.997;8.345;-0.232;5.662;8.005;0.321;1.212;6.239;1.408;14.878;9.366;2.708;15.048;8.854;-1.968;12.228;9.594;-2.193;9.814;10.278;-1.137;14.957;9.337;-1.968;12.228;9.594;0.265;14.888;9.433;-1.137;14.957;9.337;0.616;10.354;8.668;1.691;10.004;8.592;2.708;15.048;8.854;3.219;12.264;8.026;0.611;10.997;8.345;0.788;13.317;8.786;-0.465;10.014;8.643;-0.232;5.662;8.005;0.616;10.354;8.668;-0.465;10.014;8.643;0.788;13.317;8.786;0.793;15.447;8.566;1.691;10.004;8.592;2.083;6.214;10.803;3.219;12.264;8.026;3.317;9.807;8.174;0.793;15.447;8.566;1.009;16.235;10.092;2.083;6.214;10.803;2.041;1.411;10.142
0.688;10.222;9.262;0.683;10.864;8.94;-0.193;5.575;8.335;0.324;1.257;6.259;1.487;14.745;9.949;2.784;14.912;9.427;-1.904;12.142;10.339;-2.091;9.774;11.177;-1.058;14.849;9.942;-1.904;12.142;10.339;0.345;14.762;10.024;-1.058;14.849;9.942;0.688;10.222;9.262;1.763;9.872;9.187;2.784;14.912;9.427;3.279;12.138;8.554;0.683;10.864;8.94;0.853;13.186;9.378;-0.393;9.882;9.238;-0.193;5.575;8.335;0.688;10.222;9.262;-0.393;9.882;9.238;0.853;13.186;9.378;0.869;15.315;9.152;1.763;9.872;9.187;2.213;6.162;11.519;3.279;12.138;8.554;3.385;9.678;8.638;0.869;15.315;9.152;1.102;16.112;10.669;2.213;6.162;11.519;2.21;1.331;11.93
0.786;10.109;9.859;0.783;10.751;9.537;-0.151;5.507;8.726;0.302;1.362;6.31;1.589;14.627;10.549;2.89;14.778;10.032;-1.808;12.059;11.027;-1.959;9.731;11.976;-0.954;14.749;10.54;-1.808;12.059;11.027;0.448;14.651;10.625;-0.954;14.749;10.54;0.786;10.109;9.859;1.861;9.758;9.788;2.89;14.778;10.032;3.354;12.008;9.131;0.783;10.751;9.537;0.946;13.072;9.979;-0.294;9.768;9.831;-0.151;5.507;8.726;0.786;10.109;9.859;-0.294;9.768;9.831;0.946;13.072;9.979;0.975;15.2;9.752;1.861;9.758;9.788;2.298;6.109;12.216;3.354;12.008;9.131;3.448;9.546;9.144;0.975;15.2;9.752;1.214;16.001;11.268;2.298;6.109;12.216;2.296;1.391;13.337
0.894;10.01;10.538;0.895;10.652;10.214;-0.091;5.449;9.245;0.302;1.561;6.424;1.711;14.533;11.194;3.016;14.662;10.682;-1.694;11.997;11.724;-1.826;9.706;12.761;-0.831;14.672;11.171;-1.694;11.997;11.724;0.569;14.566;11.265;-0.831;14.672;11.171;0.894;10.01;10.538;1.97;9.659;10.481;3.016;14.662;10.682;3.442;11.891;9.764;0.895;10.652;10.214;1.057;12.977;10.635;-0.186;9.671;10.497;-0.091;5.449;9.245;0.894;10.01;10.538;-0.186;9.671;10.497;1.057;12.977;10.635;1.104;15.103;10.389;1.97;9.659;10.481;2.318;5.985;12.885;3.442;11.891;9.764;3.521;9.43;9.706;1.104;15.103;10.389;1.343;15.916;11.898;2.318;5.985;12.885;2.264;1.265;13.994
1.02;9.947;11.28;1.026;10.588;10.955;-0.025;5.403;9.913;0.291;1.871;6.65;1.854;14.479;11.871;3.164;14.582;11.368;-1.56;11.969;12.388;-1.691;9.695;13.463;-0.687;14.638;11.821;-1.56;11.969;12.388;0.712;14.524;11.934;-0.687;14.638;11.821;1.02;9.947;11.28;2.097;9.596;11.24;3.164;14.582;11.368;3.55;11.803;10.459;1.026;10.588;10.955;1.19;12.921;11.334;-0.059;9.608;11.224;-0.025;5.403;9.913;1.02;9.947;11.28;-0.059;9.608;11.224;1.19;12.921;11.334;1.258;15.042;11.053;2.097;9.596;11.24;2.332;5.849;13.545;3.55;11.803;10.459;3.607;9.342;10.361;1.258;15.042;11.053;1.492;15.878;12.55;2.332;5.849;13.545;2.234;1.048;14.214
1.147;9.959;12.039;1.155;10.599;11.713;0.063;5.39;10.748;0.292;2.327;7.035;2.007;14.497;12.56;3.32;14.571;12.06;-1.408;12.002;13.019;-1.555;9.715;14.064;-0.532;14.678;12.492;-1.408;12.002;13.019;0.865;14.556;12.617;-0.532;14.678;12.492;1.147;9.959;12.039;2.224;9.607;12.005;3.32;14.571;12.06;3.661;11.776;11.179;1.155;10.599;11.713;1.327;12.938;12.045;0.068;9.62;11.977;0.063;5.39;10.748;1.147;9.959;12.039;0.068;9.62;11.977;1.327;12.938;12.045;1.42;15.054;11.731;2.224;9.607;12.005;2.378;5.806;14.226;3.661;11.776;11.179;3.689;9.315;11.071;1.42;15.054;11.731;1.654;15.913;13.214;2.378;5.806;14.226;2.285;0.961;14.393
1.274;10.004;12.782;1.278;10.645;12.457;0.189;5.365;11.771;0.297;2.816;7.683;2.146;14.55;13.239;3.465;14.597;12.749;-1.25;12.049;13.621;-1.413;9.731;14.592;-0.391;14.743;13.162;-1.25;12.049;13.621;1.005;14.619;13.292;-0.391;14.743;13.162;1.274;10.004;12.782;2.35;9.652;12.737;3.465;14.597;12.749;3.792;11.779;11.941;1.278;10.645;12.457;1.454;12.989;12.745;0.194;9.664;12.73;0.189;5.365;11.771;1.274;10.004;12.782;0.194;9.664;12.73;1.454;12.989;12.745;1.567;15.099;12.4;2.35;9.652;12.737;2.421;5.758;14.794;3.792;11.779;11.941;3.807;9.316;11.88;1.567;15.099;12.4;1.804;15.978;13.871;2.421;5.758;14.794;2.289;0.921;14.469
1.403;10.085;13.485;1.406;10.727;13.16;0.339;5.366;12.969;0.384;3.092;8.721;2.266;14.639;13.899;3.595;14.667;13.437;-1.092;12.107;14.168;-1.271;9.748;15.031;-0.272;14.827;13.798;-1.092;12.107;14.168;1.124;14.713;13.937;-0.272;14.827;13.798;1.403;10.085;13.485;2.479;9.734;13.434;3.595;14.667;13.437;3.947;11.821;12.747;1.406;10.727;13.16;1.574;13.076;13.412;0.323;9.746;13.437;0.339;5.366;12.969;1.403;10.085;13.485;0.323;9.746;13.437;1.574;13.076;13.412;1.698;15.181;13.048;2.479;9.734;13.434;2.472;5.712;15.23;3.947;11.821;12.747;3.97;9.358;12.784;1.698;15.181;13.048;1.926;16.074;14.513;2.472;5.712;15.23;2.288;0.925;14.48
1.498;10.241;14.116;1.5;10.883;13.791;0.487;5.5;14.229;0.531;3.146;10.024;2.351;14.797;14.521;3.693;14.815;14.096;-0.956;12.227;14.655;-1.146;9.829;15.402;-0.186;14.972;14.38;-0.956;12.227;14.655;1.209;14.873;14.538;-0.186;14.972;14.38;1.498;10.241;14.116;2.574;9.89;14.062;3.693;14.815;14.096;4.098;11.943;13.561;1.5;10.883;13.791;1.665;13.234;14.026;0.417;9.901;14.071;0.487;5.5;14.229;1.498;10.241;14.116;0.417;9.901;14.071;1.665;13.234;14.026;1.8;15.338;13.658;2.574;9.89;14.062;2.519;5.73;15.507;4.098;11.943;13.561;4.136;9.487;13.749;1.8;15.338;13.658;2.014;16.226;15.127;2.519;5.73;15.507;2.281;1.004;14.445
1.602;10.395;14.705;1.602;11.036;14.381;0.642;5.72;15.442;0.724;2.963;11.491;2.425;14.954;15.123;3.781;14.981;14.745;-0.844;12.352;15.075;-1.053;9.921;15.704;-0.109;15.115;14.916;-0.844;12.352;15.075;1.283;15.026;15.111;-0.109;15.115;14.916;1.602;10.395;14.705;2.678;10.044;14.645;3.781;14.981;14.745;4.259;12.093;14.385;1.602;11.036;14.381;1.758;13.389;14.61;0.522;10.055;14.667;0.642;5.72;15.442;1.602;10.395;14.705;0.522;10.055;14.667;1.758;13.389;14.61;1.895;15.494;14.246;2.678;10.044;14.645;2.593;5.768;15.699;4.259;12.093;14.385;4.31;9.659;14.762;1.895;15.494;14.246;2.078;16.372;15.725;2.593;5.768;15.699;2.291;1.099;14.425
1.692;10.512;15.278;1.688;11.154;14.955;0.757;5.963;16.543;0.896;2.632;13.064;2.491;15.075;15.713;3.858;15.123;15.381;-0.759;12.453;15.475;-0.999;9.999;15.988;-0.036;15.224;15.436;-0.759;12.453;15.475;1.349;15.141;15.674;-0.036;15.224;15.436;1.692;10.512;15.278;2.767;10.162;15.203;3.858;15.123;15.381;4.416;12.232;15.198;1.688;11.154;14.955;1.844;13.507;15.182;0.612;10.172;15.252;0.757;5.963;16.543;1.692;10.512;15.278;0.612;10.172;15.252;1.844;13.507;15.182;1.979;15.613;14.825;2.767;10.162;15.203;2.661;5.807;15.855;4.416;12.232;15.198;4.472;9.84;15.782;1.979;15.613;14.825;2.131;16.484;16.312;2.661;5.807;15.855;2.279;1.194;14.409
1.787;10.555;15.855;1.777;11.198;15.534;0.866;6.165;17.573;1.076;2.173;14.882;2.56;15.121;16.312;3.935;15.196;16.02;-0.689;12.491;15.885;-0.974;10.021;16.284;0.042;15.26;15.972;-0.689;12.491;15.885;1.419;15.179;16.251;0.042;15.26;15.972;1.787;10.555;15.855;2.861;10.206;15.761;3.935;15.196;16.02;4.575;12.317;16.022;1.777;11.198;15.534;1.936;13.55;15.764;0.706;10.214;15.847;0.866;6.165;17.573;1.787;10.555;15.855;0.706;10.214;15.847;1.936;13.55;15.764;2.062;15.659;15.415;2.861;10.206;15.761;2.73;5.811;16.034;4.575;12.317;16.022;4.624;9.99;16.83;2.062;15.659;15.415;2.183;16.525;16.909;2.73;5.811;16.034;2.27;1.266;14.41
1.885;10.518;16.412;1.87;11.162;16.093;0.955;6.273;18.456;1.243;1.739;16.848;2.628;15.086;16.901;4.006;15.19;16.632;-0.629;12.452;16.313;-0.961;9.971;16.593;0.115;15.21;16.52;-0.629;12.452;16.313;1.487;15.134;16.826;0.115;15.21;16.52;1.885;10.518;16.412;2.958;10.169;16.301;4.006;15.19;16.632;4.72;12.334;16.818;1.87;11.162;16.093;2.026;13.512;16.337;0.805;10.176;16.421;0.955;6.273;18.456;1.885;10.518;16.412;0.805;10.176;16.421;2.026;13.512;16.337;2.136;15.624;16.001;2.958;10.169;16.301;2.796;5.768;16.247;4.72;12.334;16.818;4.752;10.099;17.854;2.136;15.624;16.001;2.229;16.486;17.499;2.796;5.768;16.247;2.266;1.307;14.42
1.97;10.399;17.0;1.949;11.043;16.682;1.018;6.252;19.239;1.365;1.468;18.773;2.687;14.971;17.505;4.064;15.101;17.242;-0.583;12.34;16.79;-0.961;9.854;16.939;0.176;15.083;17.114;-0.583;12.34;16.79;1.546;15.008;17.429;0.176;15.083;17.114;1.97;10.399;17.0;3.041;10.051;16.871;4.064;15.101;17.242;4.848;12.281;17.608;1.949;11.043;16.682;2.101;13.393;16.935;0.89;10.057;17.024;1.018;6.252;19.239;1.97;10.399;17.0;0.89;10.057;17.024;2.101;13.393;16.935;2.191;15.507;16.606;3.041;10.051;16.871;2.847;5.665;16.52;4.848;12.281;17.608;4.864;10.163;18.865;2.191;15.507;16.606;2.271;16.371;18.103;2.847;5.665;16.52;2.256;1.331;14.427
2.042;10.238;17.591;2.018;10.883;17.275;1.088;6.161;19.958;1.512;1.403;20.588;2.739;14.81;18.121;4.112;14.963;17.853;-0.539;12.184;17.302;-0.956;9.699;17.305;0.224;14.909;17.744;-0.539;12.184;17.302;1.597;14.837;18.051;0.224;14.909;17.744;2.042;10.238;17.591;3.111;9.891;17.452;4.112;14.963;17.853;4.96;12.186;18.37;2.018;10.883;17.275;2.163;13.232;17.542;0.962;9.895;17.625;1.088;6.161;19.958;2.042;10.238;17.591;0.962;9.895;17.625;2.163;13.232;17.542;2.232;15.348;17.229;3.111;9.891;17.452;2.887;5.532;16.858;4.96;12.186;18.37;4.966;10.19;19.814;2.232;15.348;17.229;2.312;16.209;18.727;2.887;5.532;16.858;2.254;1.371;14.45
2.101;10.088;18.214;2.074;10.733;17.9;1.188;6.064;20.672;1.687;1.455;21.987;2.777;14.662;18.758;4.147;14.831;18.481;-0.491;12.029;17.858;-0.932;9.553;17.712;0.258;14.738;18.406;-0.491;12.029;17.858;1.634;14.68;18.698;0.258;14.738;18.406;2.101;10.088;18.214;3.17;9.741;18.064;4.147;14.831;18.481;5.043;12.089;19.098;2.074;10.733;17.9;2.211;13.082;18.175;1.022;9.745;18.259;1.188;6.064;20.672;2.101;10.088;18.214;1.022;9.745;18.259;2.211;13.082;18.175;2.259;15.2;17.873;3.17;9.741;18.064;2.925;5.415;17.275;5.043;12.089;19.098;5.05;10.192;20.669;2.259;15.2;17.873;2.34;16.062;19.372;2.925;5.415;17.275;2.266;1.493;14.5
2.15;9.971;18.949;2.116;10.618;18.637;1.344;5.957;21.434;1.918;1.365;22.777;2.807;14.557;19.456;4.173;14.729;19.161;-0.467;11.92;18.527;-0.94;9.458;18.286;0.284;14.617;19.133;-0.467;11.92;18.527;1.663;14.568;19.408;0.284;14.617;19.133;2.15;9.971;18.949;3.215;9.626;18.776;4.173;14.729;19.161;5.095;12.006;19.82;2.116;10.618;18.637;2.242;12.969;18.891;1.072;9.627;19.014;1.344;5.957;21.434;2.15;9.971;18.949;1.072;9.627;19.014;2.242;12.969;18.891;2.276;15.086;18.573;3.215;9.626;18.776;2.98;5.325;17.853;5.095;12.006;19.82;5.12;10.163;21.454;2.276;15.086;18.573;2.36;15.967;20.06;2.98;5.325;17.853;2.312;1.714;14.687
2.191;9.926;19.659;2.151;10.573;19.349;1.497;5.844;22.043;2.133;1.179;23.07;2.818;14.519;20.154;4.181;14.695;19.848;-0.416;11.858;19.181;-0.875;9.403;18.854;0.292;14.552;19.849;-0.416;11.858;19.181;1.674;14.522;20.115;0.292;14.552;19.849;2.191;9.926;19.659;3.253;9.582;19.465;4.181;14.695;19.848;5.116;11.969;20.473;2.151;10.573;19.349;2.26;12.927;19.594;1.115;9.581;19.743;1.497;5.844;22.043;2.191;9.926;19.659;1.115;9.581;19.743;2.26;12.927;19.594;2.277;15.043;19.275;3.253;9.582;19.465;3.039;5.304;18.439;5.116;11.969;20.473;5.165;10.117;22.097;2.277;15.043;19.275;2.36;15.936;20.755;3.039;5.304;18.439;2.349;2.074;14.889
2.233;9.924;20.443;2.191;10.571;20.134;1.588;5.763;22.688;2.208;1.027;23.323;2.824;14.532;20.879;4.184;14.707;20.562;-0.364;11.837;19.888;-0.791;9.381;19.531;0.298;14.537;20.58;-0.364;11.837;19.888;1.68;14.526;20.846;0.298;14.537;20.58;2.233;9.924;20.443;3.294;9.58;20.247;4.184;14.707;20.562;5.107;11.958;21.105;2.191;10.571;20.134;2.275;12.929;20.342;1.157;9.579;20.53;1.588;5.763;22.688;2.233;9.924;20.443;1.157;9.579;20.53;2.275;12.929;20.342;2.275;15.042;19.997;3.294;9.58;20.247;3.097;5.288;19.278;5.107;11.958;21.105;5.183;10.052;22.664;2.275;15.042;19.997;2.354;15.962;21.461;3.097;5.288;19.278;2.411;2.549;15.336
2.266;9.99;21.205;2.231;10.637;20.894;1.615;5.722;23.227;2.174;0.938;23.38;2.835;14.606;21.596;4.193;14.77;21.266;-0.277;11.863;20.586;-0.637;9.396;20.223;0.309;14.574;21.297;-0.277;11.863;20.586;1.691;14.593;21.567;0.309;14.574;21.297;2.266;9.99;21.205;3.331;9.645;21.029;4.193;14.77;21.266;5.075;11.986;21.676;2.231;10.637;20.894;2.293;12.998;21.065;1.189;9.646;21.274;1.615;5.722;23.227;2.266;9.99;21.205;1.189;9.646;21.274;2.293;12.998;21.065;2.279;15.11;20.714;3.331;9.645;21.029;3.165;5.295;20.355;5.075;11.986;21.676;5.169;9.987;23.113;2.279;15.11;20.714;2.365;16.03;22.177;3.165;5.295;20.355;2.549;3.019;16.118
2.303;10.091;21.929;2.275;10.736;21.615;1.646;5.704;23.673;2.178;0.922;23.412;2.871;14.71;22.272;4.226;14.853;21.918;-0.236;11.931;21.368;-0.565;9.448;21.1;0.341;14.661;22.01;-0.236;11.931;21.368;1.726;14.696;22.26;0.341;14.661;22.01;2.303;10.091;21.929;3.371;9.744;21.774;4.226;14.853;21.918;5.035;12.03;22.198;2.275;10.736;21.615;2.324;13.1;21.754;1.225;9.748;21.977;1.646;5.704;23.673;2.303;10.091;21.929;1.225;9.748;21.977;2.324;13.1;21.754;2.301;15.211;21.396;3.371;9.744;21.774;3.258;5.345;21.602;5.035;12.03;22.198;5.13;9.943;23.503;2.301;15.211;21.396;2.407;16.122;22.863;3.258;5.345;21.602;2.697;3.267;17.257
2.332;10.248;22.604;2.311;10.893;22.287;1.64;5.725;23.957;2.167;0.972;23.36;2.922;14.864;22.927;4.27;14.988;22.542;-0.2;12.064;22.182;-0.495;9.565;22.065;0.387;14.816;22.719;-0.2;12.064;22.182;1.778;14.854;22.937;0.387;14.816;22.719;2.332;10.248;22.604;3.402;9.901;22.475;4.27;14.988;22.542;4.996;12.131;22.653;2.311;10.893;22.287;2.359;13.257;22.417;1.252;9.906;22.629;1.64;5.725;23.957;2.332;10.248;22.604;1.252;9.906;22.629;2.359;13.257;22.417;2.338;15.369;22.064;3.402;9.901;22.475;3.373;5.517;22.902;4.996;12.131;22.653;5.085;9.95;23.795;2.338;15.369;22.064;2.466;16.264;23.539;3.373;5.517;22.902;2.885;3.318;18.608
2.362;10.404;23.252;2.347;11.048;22.933;1.637;5.777;24.21;2.159;1.067;23.337;2.98;15.018;23.549;4.316;15.13;23.121;-0.17;12.216;23.008;-0.42;9.711;23.088;0.44;14.985;23.409;-0.17;12.216;23.008;1.836;15.014;23.589;0.44;14.985;23.409;2.362;10.404;23.252;3.434;10.056;23.143;4.316;15.13;23.121;4.964;12.253;23.05;2.347;11.048;22.933;2.395;13.413;23.058;1.281;10.063;23.258;1.637;5.777;24.21;2.362;10.404;23.252;1.281;10.063;23.258;2.395;13.413;23.058;2.376;15.523;22.7;3.434;10.056;23.143;3.5;5.768;24.149;4.964;12.253;23.05;5.05;9.99;24.019;2.376;15.523;22.7;2.533;16.414;24.175;3.5;5.768;24.149;3.034;3.086;20.137
2.397;10.508;23.852;2.388;11.15;23.531;1.637;5.817;24.452;2.141;1.162;23.311;3.051;15.116;24.131;4.374;15.221;23.661;-0.135;12.339;23.827;-0.331;9.851;24.165;0.508;15.121;24.052;-0.135;12.339;23.827;1.908;15.124;24.196;0.508;15.121;24.052;2.397;10.508;23.852;3.471;10.158;23.762;4.374;15.221;23.661;4.946;12.338;23.411;2.388;11.15;23.531;2.439;13.515;23.66;1.317;10.167;23.84;1.637;5.817;24.452;2.397;10.508;23.852;1.317;10.167;23.84;2.439;13.515;23.66;2.434;15.624;23.293;3.471;10.158;23.762;3.637;6.011;25.238;4.946;12.338;23.411;5.025;10.009;24.211;2.434;15.624;23.293;2.623;16.515;24.764;3.637;6.011;25.238;3.206;2.652;21.768
2.434;10.515;24.489;2.433;11.157;24.165;1.654;5.796;24.812;2.133;1.224;23.366;3.116;15.12;24.739;4.427;15.225;24.238;-0.093;12.383;24.617;-0.23;9.935;25.194;0.573;15.168;24.687;-0.093;12.383;24.617;1.974;15.14;24.817;0.573;15.168;24.687;2.434;10.515;24.489;3.51;10.165;24.426;4.427;15.225;24.238;4.943;12.352;23.814;2.433;11.157;24.165;2.483;13.522;24.289;1.354;10.175;24.452;1.654;5.796;24.812;2.434;10.515;24.489;1.354;10.175;24.452;2.483;13.522;24.289;2.494;15.628;23.904;3.51;10.165;24.426;3.707;6.18;26.293;4.943;12.352;23.814;5.02;9.972;24.443;2.494;15.628;23.904;2.705;16.529;25.366;3.707;6.18;26.293;3.369;2.132;23.645
2.49;10.44;25.113;2.496;11.081;24.788;1.688;5.707;25.163;2.137;1.255;23.374;3.187;15.043;25.353;4.489;15.149;24.827;-0.055;12.354;25.469;-0.138;9.991;26.339;0.645;15.127;25.319;-0.055;12.354;25.469;2.047;15.072;25.439;0.645;15.127;25.319;2.49;10.44;25.113;3.566;10.089;25.075;4.489;15.149;24.827;4.957;12.298;24.237;2.496;11.081;24.788;2.54;13.446;24.918;1.41;10.101;25.055;1.688;5.707;25.163;2.49;10.44;25.113;1.41;10.101;25.055;2.54;13.446;24.918;2.563;15.549;24.519;3.566;10.089;25.075;3.827;6.271;27.257;4.957;12.298;24.237;5.032;9.876;24.684;2.563;15.549;24.519;2.787;16.464;25.97;3.827;6.271;27.257;3.601;1.684;25.701
2.556;10.3;25.74;2.567;10.94;25.414;1.742;5.566;25.558;2.141;1.28;23.393;3.262;14.899;25.989;4.56;15.006;25.455;0.009;12.256;26.303;-0.011;10.004;27.431;0.721;15.008;25.954;0.009;12.256;26.303;2.121;14.935;26.076;0.721;15.008;25.954;2.556;10.3;25.74;3.633;9.948;25.714;4.56;15.006;25.455;4.986;12.183;24.714;2.567;10.94;25.414;2.605;13.304;25.561;1.477;9.961;25.671;1.742;5.566;25.558;2.556;10.3;25.74;1.477;9.961;25.671;2.605;13.304;25.561;2.64;15.405;25.153;3.633;9.948;25.714;3.974;6.267;28.109;4.986;12.183;24.714;5.055;9.734;24.967;2.64;15.405;25.153;2.868;16.334;26.595;3.974;6.267;28.109;3.85;1.443;27.631
2.639;10.163;26.347;2.651;10.803;26.02;1.773;5.439;25.916;2.043;1.419;23.271;3.356;14.752;26.631;4.655;14.853;26.097;0.08;12.164;27.056;0.08;10.003;28.35;0.817;14.891;26.583;0.08;12.164;27.056;2.215;14.797;26.715;0.817;14.891;26.583;2.639;10.163;26.347;3.716;9.81;26.325;4.655;14.853;26.097;5.035;12.065;25.214;2.651;10.803;26.02;2.688;13.165;26.193;1.56;9.824;26.273;1.773;5.439;25.916;2.639;10.163;26.347;1.56;9.824;26.273;2.688;13.165;26.193;2.741;15.267;25.796;3.716;9.81;26.325;4.087;6.287;28.943;5.035;12.065;25.214;5.088;9.602;25.266;2.741;15.267;25.796;2.965;16.195;27.239;4.087;6.287;28.943;4.058;1.458;29.376
2.732;10.068;27.0;2.744;10.708;26.674;1.859;5.351;26.494;2.053;1.555;23.531;3.472;14.653;27.287;4.769;14.738;26.747;0.178;12.112;27.808;0.187;10.019;29.211;0.935;14.816;27.243;0.178;12.112;27.808;2.332;14.707;27.376;0.935;14.816;27.243;2.732;10.068;27.0;3.809;9.716;26.978;4.769;14.738;26.747;5.102;11.972;25.78;2.744;10.708;26.674;2.789;13.069;26.859;1.654;9.729;26.927;1.859;5.351;26.494;2.732;10.068;27.0;1.654;9.729;26.927;2.789;13.069;26.859;2.856;15.17;26.454;3.809;9.716;26.978;4.081;6.222;29.647;5.102;11.972;25.78;5.138;9.51;25.687;2.856;15.17;26.454;3.084;16.111;27.888;4.081;6.222;29.647;3.986;1.43;30.379
2.839;9.981;27.684;2.852;10.621;27.357;1.907;5.285;26.983;2.003;1.878;23.577;3.601;14.564;27.958;4.898;14.637;27.416;0.295;12.054;28.506;0.293;9.994;29.955;1.066;14.747;27.907;0.295;12.054;28.506;2.461;14.626;28.048;1.066;14.747;27.907;2.839;9.981;27.684;3.916;9.629;27.665;4.898;14.637;27.416;5.199;11.884;26.4;2.852;10.621;27.357;2.907;12.982;27.539;1.76;9.643;27.609;1.907;5.285;26.983;2.839;9.981;27.684;1.76;9.643;27.609;2.907;12.982;27.539;2.988;15.08;27.122;3.916;9.629;27.665;4.073;6.017;30.181;5.199;11.884;26.4;5.219;9.428;26.208;2.988;15.08;27.122;3.212;16.033;28.549;4.073;6.017;30.181;3.928;1.184;30.542
2.968;9.961;28.466;2.981;10.601;28.139;2.007;5.263;27.773;2.059;2.216;24.039;3.74;14.553;28.667;5.035;14.614;28.117;0.439;12.044;29.21;0.415;9.977;30.651;1.207;14.737;28.611;0.439;12.044;29.21;2.602;14.618;28.76;1.207;14.737;28.611;2.968;9.961;28.466;4.045;9.609;28.448;5.035;14.614;28.117;5.32;11.854;27.116;2.981;10.601;28.139;3.043;12.965;28.281;1.889;9.623;28.389;2.007;5.263;27.773;2.968;9.961;28.466;1.889;9.623;28.389;3.043;12.965;28.281;3.125;15.055;27.824;4.045;9.609;28.448;4.124;5.924;30.859;5.32;11.854;27.116;5.335;9.399;26.908;3.125;15.055;27.824;3.348;16.03;29.236;4.124;5.924;30.859;3.965;1.078;30.922
3.082;10.021;29.207;3.092;10.661;28.881;2.022;5.302;28.678;2.007;2.581;24.7;3.868;14.618;29.35;5.161;14.661;28.795;0.594;12.086;29.852;0.55;9.968;31.214;1.334;14.797;29.298;0.594;12.086;29.852;2.729;14.687;29.448;1.334;14.797;29.298;3.082;10.021;29.207;4.158;9.669;29.18;5.161;14.661;28.795;5.447;11.875;27.869;3.092;10.661;28.881;3.165;13.026;28.989;2.002;9.682;29.139;2.022;5.302;28.678;3.082;10.021;29.207;2.002;9.682;29.139;3.165;13.026;28.989;3.25;15.11;28.503;4.158;9.669;29.18;4.178;5.853;31.38;5.447;11.875;27.869;5.463;9.417;27.719;3.25;15.11;28.503;3.477;16.093;29.909;4.178;5.853;31.38;3.987;1.022;31.016
3.202;10.106;29.904;3.205;10.747;29.579;2.156;5.364;29.716;2.109;2.894;25.578;3.978;14.709;30.004;5.274;14.736;29.454;0.752;12.136;30.425;0.694;9.946;31.67;1.444;14.873;29.943;0.752;12.136;30.425;2.84;14.778;30.099;1.444;14.873;29.943;3.202;10.106;29.904;4.278;9.754;29.855;5.274;14.736;29.454;5.59;11.913;28.66;3.205;10.747;29.579;3.278;13.113;29.658;2.122;9.766;29.855;2.156;5.364;29.716;3.202;10.106;29.904;2.122;9.766;29.855;3.278;13.113;29.658;3.361;15.191;29.151;4.278;9.754;29.855;4.251;5.793;31.781;5.59;11.913;28.66;5.619;9.45;28.632;3.361;15.191;29.151;3.583;16.176;30.557;4.251;5.793;31.781;4.003;1.009;31.03
3.308;10.238;30.54;3.306;10.88;30.217;2.275;5.499;30.73;2.217;3.141;26.528;4.059;14.848;30.634;5.364;14.868;30.107;0.893;12.22;30.954;0.837;9.968;32.081;1.524;14.984;30.547;0.893;12.22;30.954;2.919;14.91;30.717;1.524;14.984;30.547;3.308;10.238;30.54;4.384;9.887;30.472;5.364;14.868;30.107;5.747;12.008;29.494;3.306;10.88;30.217;3.371;13.247;30.285;2.228;9.898;30.509;2.275;5.499;30.73;3.308;10.238;30.54;2.228;9.898;30.509;3.371;13.247;30.285;3.448;15.324;29.773;4.384;9.887;30.472;4.314;5.787;32.079;5.747;12.008;29.494;5.804;9.55;29.643;3.448;15.324;29.773;3.656;16.295;31.19;4.314;5.787;32.079;4.005;1.067;31.014
3.401;10.371;31.11;3.393;11.013;30.789;2.424;5.697;31.88;2.344;2.973;27.905;4.129;14.986;31.203;5.446;15.004;30.707;1.004;12.323;31.391;0.939;10.015;32.396;1.595;15.108;31.075;1.004;12.323;31.391;2.988;15.043;31.269;1.595;15.108;31.075;3.401;10.371;31.11;4.476;10.021;31.022;5.446;15.004;30.707;5.907;12.116;30.326;3.393;11.013;30.789;3.454;13.38;30.849;2.321;10.03;31.096;2.424;5.697;31.88;3.401;10.371;31.11;2.321;10.03;31.096;3.454;13.38;30.849;3.528;15.456;30.332;4.476;10.021;31.022;4.377;5.804;32.292;5.907;12.116;30.326;5.99;9.683;30.704;3.528;15.456;30.332;3.715;16.412;31.763;4.377;5.804;32.292;4.015;1.146;30.995
3.499;10.494;31.685;3.482;11.138;31.367;2.612;5.95;33.005;2.504;2.655;29.49;4.195;15.117;31.783;5.526;15.144;31.326;1.104;12.425;31.77;1.009;10.055;32.617;1.665;15.228;31.593;1.104;12.425;31.77;3.052;15.165;31.825;1.665;15.228;31.593;3.499;10.494;31.685;4.571;10.146;31.567;5.526;15.144;31.326;6.074;12.248;31.21;3.482;11.138;31.367;3.54;13.506;31.419;2.419;10.153;31.699;2.612;5.95;33.005;3.499;10.494;31.685;2.419;10.153;31.699;3.54;13.506;31.419;3.608;15.581;30.898;4.571;10.146;31.567;4.449;5.839;32.482;6.074;12.248;31.21;6.172;9.871;31.851;3.608;15.581;30.898;3.76;16.523;32.342;4.449;5.839;32.482;4.01;1.24;31.01
3.583;10.553;32.22;3.556;11.199;31.905;2.745;6.138;33.925;2.688;2.219;31.122;4.258;15.182;32.338;5.598;15.223;31.911;1.168;12.48;32.188;1.03;10.074;32.92;1.733;15.287;32.103;1.168;12.48;32.188;3.114;15.222;32.366;1.733;15.287;32.103;3.583;10.553;32.22;4.651;10.207;32.072;5.598;15.223;31.911;6.225;12.344;32.046;3.556;11.199;31.905;3.62;13.566;31.965;2.504;10.21;32.263;2.745;6.138;33.925;3.583;10.553;32.22;2.504;10.21;32.263;3.62;13.566;31.965;3.68;15.642;31.446;4.651;10.207;32.072;4.511;5.84;32.631;6.225;12.344;32.046;6.322;10.05;32.939;3.68;15.642;31.446;3.8;16.569;32.902;4.511;5.84;32.631;4.0;1.3;31.004
3.653;10.538;32.778;3.614;11.185;32.468;2.843;6.244;34.791;2.764;1.824;32.872;4.32;15.17;32.922;5.666;15.231;32.515;1.232;12.468;32.607;1.043;10.02;33.172;1.8;15.275;32.654;1.232;12.468;32.607;3.176;15.203;32.941;1.8;15.275;32.654;3.653;10.538;32.778;4.716;10.193;32.588;5.666;15.231;32.515;6.375;12.393;32.897;3.614;11.185;32.468;3.695;13.551;32.542;2.577;10.193;32.859;2.843;6.244;34.791;3.653;10.538;32.778;2.577;10.193;32.859;3.695;13.551;32.542;3.746;15.628;32.026;4.716;10.193;32.588;4.569;5.796;32.808;6.375;12.393;32.897;6.47;10.213;34.039;3.746;15.628;32.026;3.841;16.549;33.488;4.569;5.796;32.808;3.979;1.331;31.013
3.726;10.453;33.351;3.677;11.102;33.045;2.935;6.294;35.649;2.949;1.553;34.788;4.395;15.084;33.551;5.744;15.159;33.156;1.306;12.398;33.05;1.059;9.916;33.398;1.88;15.196;33.259;1.306;12.398;33.05;3.251;15.113;33.565;1.88;15.196;33.259;3.726;10.453;33.351;4.783;10.111;33.128;5.744;15.159;33.156;6.509;12.373;33.753;3.677;11.102;33.045;3.777;13.466;33.155;2.653;10.107;33.463;2.935;6.294;35.649;3.726;10.453;33.351;2.653;10.107;33.463;3.777;13.466;33.155;3.824;15.547;32.656;4.783;10.111;33.128;4.617;5.711;33.024;6.509;12.373;33.753;6.577;10.322;35.116;3.824;15.547;32.656;3.896;16.453;34.129;4.617;5.711;33.024;3.953;1.345;31.021
3.789;10.333;33.942;3.735;10.982;33.638;3.022;6.273;36.418;3.213;1.458;36.49;4.436;14.974;34.14;5.786;15.058;33.747;1.368;12.27;33.539;1.086;9.773;33.714;1.921;15.063;33.843;1.368;12.27;33.539;3.292;14.991;34.154;1.921;15.063;33.843;3.789;10.333;33.942;4.843;9.992;33.701;5.786;15.058;33.747;6.612;12.345;34.558;3.735;10.982;33.638;3.836;13.346;33.759;2.718;9.986;34.069;3.022;6.273;36.418;3.789;10.333;33.942;2.718;9.986;34.069;3.836;13.346;33.759;3.86;15.423;33.242;4.843;9.992;33.701;4.656;5.609;33.31;6.612;12.345;34.558;6.673;10.439;36.117;3.86;15.423;33.242;3.917;16.347;34.703;4.656;5.609;33.31;3.942;1.379;31.05
3.82;10.214;34.457;3.764;10.863;34.154;3.107;6.215;37.029;3.483;1.463;37.736;4.47;14.851;34.703;5.814;14.938;34.294;1.404;12.152;34.048;1.09;9.652;34.062;1.95;14.936;34.438;1.404;12.152;34.048;3.325;14.863;34.728;1.95;14.936;34.438;3.82;10.214;34.457;4.872;9.873;34.21;5.814;14.938;34.294;6.687;12.294;35.265;3.764;10.863;34.154;3.871;13.224;34.312;2.75;9.866;34.591;3.107;6.215;37.029;3.82;10.214;34.457;2.75;9.866;34.591;3.871;13.224;34.312;3.882;15.306;33.814;4.872;9.873;34.21;4.678;5.514;33.61;6.687;12.294;35.265;6.748;10.52;36.974;3.882;15.306;33.814;3.944;16.213;35.287;4.678;5.514;33.61;3.94;1.442;31.082
3.853;10.114;35.074;3.796;10.764;34.772;3.183;6.113;37.637;3.65;1.389;38.465;4.495;14.755;35.317;5.833;14.841;34.887;1.452;12.044;34.644;1.126;9.548;34.549;1.973;14.827;35.076;1.452;12.044;34.644;3.351;14.762;35.352;1.973;14.827;35.076;3.853;10.114;35.074;4.905;9.774;34.825;5.833;14.841;34.887;6.738;12.242;35.949;3.796;10.764;34.772;3.9;13.125;34.934;2.783;9.767;35.21;3.183;6.113;37.637;3.853;10.114;35.074;2.783;9.767;35.21;3.9;13.125;34.934;3.898;15.206;34.433;4.905;9.774;34.825;4.71;5.442;34.049;6.738;12.242;35.949;6.811;10.556;37.744;3.898;15.206;34.433;3.961;16.109;35.907;4.71;5.442;34.049;3.97;1.61;31.172
3.88;10.057;35.766;3.823;10.707;35.463;3.287;5.994;38.218;3.786;1.227;38.719;4.51;14.707;35.955;5.844;14.793;35.513;1.496;11.986;35.241;1.162;9.496;35.059;1.988;14.769;35.706;1.496;11.986;35.241;3.366;14.711;35.988;1.988;14.769;35.706;3.88;10.057;35.766;4.932;9.717;35.515;5.844;14.793;35.513;6.763;12.206;36.591;3.823;10.707;35.463;3.922;13.07;35.592;2.81;9.71;35.902;3.287;5.994;38.218;3.88;10.057;35.766;2.81;9.71;35.902;3.922;13.07;35.592;3.913;15.144;35.064;4.932;9.717;35.515;4.745;5.405;34.636;6.763;12.206;36.591;6.851;10.537;38.4;3.913;15.144;35.064;3.961;16.062;36.53;4.745;5.405;34.636;4.024;1.904;31.359
3.915;10.034;36.55;3.853;10.684;36.25;3.424;5.9;38.878;3.894;1.104;38.932;4.516;14.699;36.635;5.84;14.785;36.166;1.527;11.949;35.966;1.199;9.459;35.777;1.992;14.741;36.405;1.527;11.949;35.966;3.372;14.696;36.681;1.992;14.741;36.405;3.915;10.034;36.55;4.963;9.694;36.284;5.84;14.785;36.166;6.754;12.174;37.189;3.853;10.684;36.25;3.935;13.05;36.315;2.848;9.685;36.701;3.424;5.9;38.878;3.915;10.034;36.55;2.848;9.685;36.701;3.935;13.05;36.315;3.906;15.112;35.741;4.963;9.694;36.284;4.791;5.385;35.389;6.754;12.174;37.189;6.872;10.462;38.957;3.906;15.112;35.741;3.963;16.051;37.194;4.791;5.385;35.389;4.052;2.324;31.701
3.941;10.073;37.268;3.882;10.723;36.966;3.469;5.84;39.396;3.899;1.057;38.998;4.525;14.744;37.298;5.845;14.834;36.818;1.562;11.97;36.636;1.252;9.479;36.438;2.001;14.767;37.073;1.562;11.97;36.636;3.381;14.735;37.347;2.001;14.767;37.073;3.941;10.073;37.268;4.991;9.733;37.012;5.845;14.834;36.818;6.722;12.171;37.736;3.882;10.723;36.966;3.952;13.09;36.991;2.872;9.725;37.409;3.469;5.84;39.396;3.941;10.073;37.268;2.872;9.725;37.409;3.952;13.09;36.991;3.91;15.148;36.403;4.991;9.733;37.012;4.873;5.381;36.344;6.722;12.171;37.736;6.852;10.362;39.403;3.91;15.148;36.403;3.97;16.084;37.858;4.873;5.381;36.344;4.187;2.719;32.349
3.953;10.139;37.917;3.901;10.787;37.612;3.476;5.817;39.838;3.945;1.068;39.171;4.535;14.813;37.912;5.852;14.899;37.421;1.577;12.021;37.284;1.267;9.529;37.081;2.009;14.819;37.712;1.577;12.021;37.284;3.393;14.799;37.971;2.009;14.819;37.712;3.953;10.139;37.917;5.008;9.797;37.685;5.852;14.899;37.421;6.67;12.178;38.214;3.901;10.787;37.612;3.967;13.155;37.617;2.88;9.792;38.036;3.476;5.817;39.838;3.953;10.139;37.917;2.88;9.792;38.036;3.967;13.155;37.617;3.911;15.211;37.021;5.008;9.797;37.685;4.988;5.396;37.518;6.67;12.178;38.214;6.809;10.251;39.743;3.911;15.211;37.021;3.982;16.151;38.472;4.988;5.396;37.518;4.418;2.916;33.39
3.966;10.241;38.47;3.917;10.889;38.164;3.472;5.802;40.102;3.968;1.099;39.175;4.559;14.913;38.479;5.866;14.992;37.963;1.59;12.088;38.064;1.303;9.586;38.004;2.025;14.903;38.362;1.59;12.088;38.064;3.418;14.897;38.568;2.025;14.903;38.362;3.966;10.241;38.47;5.023;9.899;38.248;5.866;14.992;37.963;6.606;12.208;38.599;3.917;10.889;38.164;3.986;13.257;38.187;2.892;9.895;38.581;3.472;5.802;40.102;3.966;10.241;38.47;2.892;9.895;38.581;3.986;13.257;38.187;3.911;15.316;37.608;5.023;9.899;38.248;5.026;5.503;38.526;6.606;12.208;38.599;6.752;10.155;39.952;3.911;15.316;37.608;4.014;16.241;39.066;5.026;5.503;38.526;4.425;3.175;34.315
3.994;10.379;39.064;3.953;11.026;38.754;3.44;5.818;40.311;3.98;1.17;39.158;4.59;15.054;39.043;5.885;15.127;38.495;1.618;12.197;38.899;1.378;9.695;39.07;2.053;15.026;38.996;1.618;12.197;38.899;3.452;15.035;39.157;2.053;15.026;38.996;3.994;10.379;39.064;5.056;10.035;38.868;5.885;15.127;38.495;6.542;12.287;38.941;3.953;11.026;38.754;4.016;13.394;38.771;2.918;10.034;39.149;3.44;5.818;40.311;3.994;10.379;39.064;2.918;10.034;39.149;4.016;13.394;38.771;3.922;15.451;38.184;5.056;10.035;38.868;5.111;5.71;39.7;6.542;12.287;38.941;6.7;10.105;40.075;3.922;15.451;38.184;4.054;16.373;39.642;5.111;5.71;39.7;4.605;3.153;35.611
4.023;10.507;39.599;3.991;11.153;39.286;3.4;5.854;40.447;3.993;1.249;39.157;4.625;15.176;39.604;5.911;15.253;39.035;1.635;12.332;39.571;1.419;9.839;39.858;2.087;15.16;39.593;1.635;12.332;39.571;3.488;15.159;39.731;2.087;15.16;39.593;4.023;10.507;39.599;5.09;10.161;39.433;5.911;15.253;39.035;6.487;12.369;39.265;3.991;11.153;39.286;4.044;13.521;39.323;2.945;10.163;39.657;3.4;5.854;40.447;4.023;10.507;39.599;2.945;10.163;39.657;4.044;13.521;39.323;3.948;15.583;38.756;5.09;10.161;39.433;5.18;5.957;40.743;6.487;12.369;39.265;6.644;10.075;40.148;3.948;15.583;38.756;4.103;16.49;40.222;5.18;5.957;40.743;4.789;2.847;37.043
4.051;10.569;40.093;4.031;11.213;39.775;3.357;5.859;40.523;4.019;1.291;39.136;4.659;15.234;40.133;5.939;15.317;39.551;1.634;12.423;40.421;1.484;9.997;41.082;2.12;15.232;40.147;1.634;12.423;40.421;3.523;15.219;40.266;2.12;15.232;40.147;4.051;10.569;40.093;5.122;10.221;39.969;5.939;15.317;39.551;6.449;12.412;39.569;4.031;11.213;39.775;4.072;13.58;39.851;2.97;10.227;40.112;3.357;5.859;40.523;4.051;10.569;40.093;2.97;10.227;40.112;4.072;13.58;39.851;3.979;15.644;39.29;5.122;10.221;39.969;5.226;6.161;41.673;6.449;12.412;39.569;6.61;10.034;40.192;3.979;15.644;39.29;4.153;16.548;40.755;5.226;6.161;41.673;5.009;2.32;38.721
4.09;10.581;40.603;4.082;11.224;40.282;3.352;5.85;40.685;4.064;1.312;39.229;4.709;15.237;40.691;5.989;15.328;40.113;1.676;12.469;41.091;1.593;10.109;41.967;2.17;15.261;40.684;1.676;12.469;41.091;3.571;15.228;40.815;2.17;15.261;40.684;4.09;10.581;40.603;5.165;10.231;40.516;5.989;15.328;40.113;6.435;12.419;39.919;4.082;11.224;40.282;4.113;13.59;40.392;3.01;10.241;40.589;3.352;5.85;40.685;4.09;10.581;40.603;3.01;10.241;40.589;4.113;13.59;40.392;4.038;15.658;39.846;5.165;10.231;40.516;5.295;6.277;42.453;6.435;12.419;39.919;6.59;9.986;40.27;4.038;15.658;39.846;4.216;16.558;41.314;5.295;6.277;42.453;5.204;1.848;40.481
4.127;10.513;41.144;4.126;11.155;40.821;3.357;5.785;40.89;4.087;1.313;39.247;4.754;15.16;41.274;6.036;15.26;40.702;1.699;12.455;41.813;1.676;10.197;42.929;2.216;15.215;41.246;1.699;12.455;41.813;3.615;15.159;41.389;2.216;15.215;41.246;4.127;10.513;41.144;5.203;10.162;41.079;6.036;15.26;40.702;6.434;12.363;40.31;4.126;11.155;40.821;4.149;13.519;40.961;3.047;10.173;41.11;3.357;5.785;40.89;4.127;10.513;41.144;3.047;10.173;41.11;4.149;13.519;40.961;4.093;15.591;40.427;5.203;10.162;41.079;5.404;6.283;43.157;6.434;12.363;40.31;6.592;9.907;40.4;4.093;15.591;40.427;4.279;16.492;41.893;5.404;6.283;43.157;5.37;1.512;42.29
4.175;10.411;41.658;4.178;11.052;41.334;3.377;5.703;41.122;4.108;1.32;39.257;4.811;15.046;41.854;6.1;15.153;41.298;1.732;12.411;42.492;1.763;10.269;43.818;2.275;15.134;41.791;1.732;12.411;42.492;3.671;15.053;41.956;2.275;15.134;41.791;4.175;10.411;41.658;5.251;10.059;41.606;6.1;15.153;41.298;6.453;12.282;40.721;4.178;11.052;41.334;4.196;13.414;41.513;3.095;10.071;41.613;3.377;5.703;41.122;4.175;10.411;41.658;3.095;10.071;41.613;4.196;13.414;41.513;4.164;15.493;41.004;5.251;10.059;41.606;5.493;6.226;43.762;6.453;12.282;40.721;6.61;9.829;40.558;4.164;15.493;41.004;4.352;16.385;42.475;5.493;6.226;43.762;5.452;1.379;43.875
4.24;10.319;42.178;4.247;10.959;41.853;3.396;5.639;41.411;4.111;1.379;39.273;4.896;14.938;42.437;6.191;15.044;41.896;1.782;12.372;43.12;1.844;10.328;44.591;2.364;15.066;42.343;1.782;12.372;43.12;3.755;14.956;42.528;2.364;15.066;42.343;4.24;10.319;42.178;5.317;9.967;42.138;6.191;15.044;41.896;6.491;12.201;41.169;4.247;10.959;41.853;4.267;13.318;42.066;3.161;9.979;42.121;3.396;5.639;41.411;4.24;10.319;42.178;3.161;9.979;42.121;4.267;13.318;42.066;4.261;15.405;41.588;5.317;9.967;42.138;5.52;6.185;44.386;6.491;12.201;41.169;6.635;9.77;40.799;4.261;15.405;41.588;4.454;16.282;43.067;5.52;6.185;44.386;5.41;1.412;45.235
4.332;10.243;42.755;4.341;10.883;42.429;3.405;5.587;41.83;4.069;1.51;39.348;5.005;14.852;43.051;6.313;14.952;42.54;1.86;12.338;43.736;1.931;10.379;45.318;2.478;15.009;42.908;1.86;12.338;43.736;3.863;14.88;43.123;2.478;15.009;42.908;4.332;10.243;42.755;5.408;9.891;42.724;6.313;14.952;42.54;6.575;12.132;41.715;4.341;10.883;42.429;4.367;13.241;42.656;3.252;9.904;42.69;3.405;5.587;41.83;4.332;10.243;42.755;3.252;9.904;42.69;4.367;13.241;42.656;4.389;15.331;42.195;5.408;9.891;42.724;5.49;6.073;44.92;6.575;12.132;41.715;6.711;9.727;41.2;4.389;15.331;42.195;4.572;16.202;43.68;5.49;6.073;44.92;5.236;1.349;45.983
4.407;10.185;43.406;4.42;10.825;43.079;3.419;5.541;42.403;4.056;1.743;39.506;5.114;14.788;43.687;6.429;14.882;43.194;1.948;12.304;44.323;2.009;10.367;45.932;2.592;14.974;43.508;1.948;12.304;44.323;3.972;14.828;43.746;2.592;14.974;43.508;4.407;10.185;43.406;5.484;9.832;43.385;6.429;14.882;43.194;6.663;12.077;42.312;4.42;10.825;43.079;4.464;13.184;43.284;3.329;9.846;43.332;3.419;5.541;42.403;4.407;10.185;43.406;3.329;9.846;43.332;4.464;13.184;43.284;4.513;15.274;42.825;5.484;9.832;43.385;5.461;5.94;45.447;6.663;12.077;42.312;6.783;9.688;41.724;4.513;15.274;42.825;4.695;16.146;44.309;5.461;5.94;45.447;5.128;1.169;46.251
4.494;10.152;44.101;4.508;10.791;43.774;3.44;5.497;43.146;4.053;2.093;39.791;5.221;14.762;44.288;6.539;14.843;43.799;2.052;12.282;44.88;2.094;10.313;46.45;2.701;14.962;44.102;2.052;12.282;44.88;4.079;14.81;44.346;2.701;14.962;44.102;4.494;10.152;44.101;5.571;9.799;44.084;6.539;14.843;43.799;6.779;12.025;42.961;4.508;10.791;43.774;4.561;13.155;43.914;3.415;9.813;44.022;3.44;5.497;43.146;4.494;10.152;44.101;3.415;9.813;44.022;4.561;13.155;43.914;4.623;15.237;43.417;5.571;9.799;44.084;5.474;5.841;46.014;6.779;12.025;42.961;6.902;9.626;42.415;4.623;15.237;43.417;4.817;16.13;44.887;5.474;5.841;46.014;5.117;1.025;46.462
4.594;10.197;44.772;4.603;10.837;44.446;3.492;5.502;44.055;4.029;2.547;40.286;5.351;14.805;44.9;6.673;14.864;44.42;2.174;12.33;45.388;2.17;10.265;46.831;2.834;15.035;44.715;2.174;12.33;45.388;4.21;14.867;44.958;2.834;15.035;44.715;4.594;10.197;44.772;5.671;9.844;44.74;6.673;14.864;44.42;6.92;12.026;43.658;4.603;10.837;44.446;4.672;13.203;44.538;3.515;9.858;44.708;3.492;5.502;44.055;4.594;10.197;44.772;3.515;9.858;44.708;4.672;13.203;44.538;4.759;15.279;44.025;5.671;9.844;44.74;5.52;5.808;46.497;6.92;12.026;43.658;7.031;9.605;43.216;4.759;15.279;44.025;4.966;16.176;45.49;5.52;5.808;46.497;5.137;0.975;46.556
4.69;10.256;45.39;4.691;10.897;45.066;3.577;5.522;45.054;3.982;2.925;41.015;5.449;14.862;45.484;6.775;14.904;45.015;2.285;12.369;45.865;2.247;10.191;47.13;2.929;15.106;45.319;2.285;12.369;45.865;4.308;14.932;45.547;2.929;15.106;45.319;4.69;10.256;45.39;5.766;9.905;45.33;6.775;14.904;45.015;7.061;12.038;44.379;4.691;10.897;45.066;4.756;13.264;45.128;3.61;9.916;45.351;3.577;5.522;45.054;4.69;10.256;45.39;3.61;9.916;45.351;4.756;13.264;45.128;4.856;15.339;44.611;5.766;9.905;45.33;5.584;5.781;46.869;7.061;12.038;44.379;7.175;9.592;44.108;4.856;15.339;44.611;5.083;16.234;46.075;5.584;5.781;46.869;5.165;0.96;46.569
4.784;10.342;45.963;4.776;10.985;45.641;3.71;5.6;46.099;3.98;3.108;41.983;5.538;14.944;46.06;6.877;14.971;45.627;2.391;12.428;46.301;2.308;10.145;47.363;3.017;15.193;45.896;2.391;12.428;46.301;4.397;15.021;46.114;3.017;15.193;45.896;4.784;10.342;45.963;5.858;9.992;45.876;6.877;14.971;45.627;7.232;12.078;45.174;4.776;10.985;45.641;4.84;13.352;45.693;3.703;10.002;45.948;3.71;5.6;46.099;4.784;10.342;45.963;3.703;10.002;45.948;4.84;13.352;45.693;4.955;15.428;45.185;5.858;9.992;45.876;5.64;5.783;47.155;7.232;12.078;45.174;7.354;9.618;45.144;4.955;15.428;45.185;5.187;16.315;46.653;5.64;5.783;47.155;5.158;0.995;46.554
4.861;10.453;46.482;4.845;11.096;46.163;3.866;5.75;47.103;4.033;3.041;43.121;5.59;15.057;46.591;6.941;15.088;46.198;2.483;12.494;46.683;2.383;10.13;47.548;3.066;15.286;46.42;2.483;12.494;46.683;4.448;15.129;46.635;3.066;15.286;46.42;4.861;10.453;46.482;5.933;10.104;46.371;6.941;15.088;46.198;7.396;12.184;45.95;4.845;11.096;46.163;4.901;13.464;46.21;3.78;10.111;46.49;3.866;5.75;47.103;4.861;10.453;46.482;3.78;10.111;46.49;4.901;13.464;46.21;5.013;15.543;45.712;5.933;10.104;46.371;5.684;5.822;47.372;7.396;12.184;45.95;7.534;9.737;46.198;5.013;15.543;45.712;5.242;16.42;47.186;5.684;5.822;47.372;5.137;1.083;46.504
4.96;10.573;46.986;4.936;11.218;46.67;4.013;5.964;48.108;4.086;2.703;44.56;5.664;15.18;47.112;7.022;15.221;46.745;2.568;12.591;47.042;2.426;10.162;47.693;3.138;15.396;46.943;2.568;12.591;47.042;4.522;15.246;47.152;3.138;15.396;46.943;4.96;10.573;46.986;6.03;10.226;46.847;7.022;15.221;46.745;7.547;12.319;46.696;4.936;11.218;46.67;4.986;13.586;46.718;3.88;10.231;47.021;4.013;5.964;48.108;4.96;10.573;46.986;3.88;10.231;47.021;4.986;13.586;46.718;5.087;15.669;46.235;6.03;10.226;46.847;5.767;5.888;47.561;7.547;12.319;46.696;7.659;9.918;47.238;5.087;15.669;46.235;5.312;16.532;47.717;5.767;5.888;47.561;5.161;1.201;46.474
5.031;10.634;47.455;4.998;11.28;47.142;4.106;6.158;49.033;4.199;2.226;46.248;5.723;15.239;47.636;7.087;15.302;47.294;2.621;12.643;47.391;2.429;10.169;47.824;3.196;15.448;47.468;2.621;12.643;47.391;4.581;15.296;47.674;3.196;15.448;47.468;5.031;10.634;47.455;6.097;10.288;47.288;7.087;15.302;47.294;7.677;12.416;47.435;4.998;11.28;47.142;5.056;13.646;47.216;3.953;10.29;47.514;4.106;6.158;49.033;5.031;10.634;47.455;3.953;10.29;47.514;5.056;13.646;47.216;5.146;15.737;46.764;6.097;10.288;47.288;5.816;5.914;47.723;7.677;12.416;47.435;7.74;10.1;48.274;5.146;15.737;46.764;5.36;16.58;48.26;5.816;5.914;47.723;5.125;1.27;46.51
5.1;10.639;47.913;5.065;11.286;47.601;4.114;6.331;49.898;4.326;1.784;48.315;5.783;15.244;48.152;7.152;15.338;47.835;2.663;12.655;47.729;2.411;10.159;47.957;3.257;15.446;47.974;2.663;12.655;47.729;4.64;15.29;48.184;3.257;15.446;47.974;5.1;10.639;47.913;6.165;10.294;47.737;7.152;15.338;47.835;7.817;12.484;48.166;5.065;11.286;47.601;5.133;13.651;47.707;4.022;10.295;47.98;4.114;6.331;49.898;5.1;10.639;47.913;4.022;10.295;47.98;5.133;13.651;47.707;5.207;15.748;47.283;6.165;10.294;47.737;5.858;5.903;47.906;7.817;12.484;48.166;7.822;10.295;49.297;5.207;15.748;47.283;5.403;16.578;48.789;5.858;5.903;47.906;5.114;1.319;46.512
5.183;10.573;48.375;5.144;11.22;48.065;4.199;6.34;50.522;4.546;1.554;50.08;5.839;15.176;48.676;7.205;15.312;48.364;2.693;12.604;48.11;2.386;10.104;48.139;3.311;15.371;48.517;2.693;12.604;48.11;4.695;15.208;48.713;3.311;15.371;48.517;5.183;10.573;48.375;6.246;10.228;48.187;7.205;15.312;48.364;7.939;12.49;48.806;5.144;11.22;48.065;5.207;13.583;48.205;4.107;10.228;48.455;4.199;6.34;50.522;5.183;10.573;48.375;4.107;10.228;48.455;5.207;13.583;48.205;5.253;15.688;47.819;6.246;10.228;48.187;5.904;5.837;48.128;7.939;12.49;48.806;7.883;10.429;50.155;5.253;15.688;47.819;5.442;16.505;49.333;5.904;5.837;48.128;5.097;1.332;46.526
5.249;10.422;48.921;5.207;11.069;48.612;4.351;6.221;51.132;4.886;1.464;51.69;5.897;15.029;49.221;7.256;15.188;48.891;2.723;12.494;48.548;2.357;10.006;48.402;3.368;15.231;49.091;2.723;12.494;48.548;4.753;15.053;49.27;3.368;15.231;49.091;5.249;10.422;48.921;6.31;10.078;48.721;7.256;15.188;48.891;8.091;12.436;49.549;5.207;11.069;48.612;5.27;13.432;48.756;4.173;10.076;49.01;4.351;6.221;51.132;5.249;10.422;48.921;4.173;10.076;49.01;5.27;13.432;48.756;5.298;15.538;48.37;6.31;10.078;48.721;5.936;5.698;48.436;8.091;12.436;49.549;8.014;10.598;51.188;5.298;15.538;48.37;5.49;16.365;49.878;5.936;5.698;48.436;5.078;1.316;46.545
5.292;10.299;49.452;5.252;10.946;49.142;4.484;6.172;51.777;5.177;1.615;53.182;5.941;14.899;49.791;7.303;15.057;49.469;2.755;12.401;49.013;2.35;9.931;48.731;3.414;15.112;49.661;2.755;12.401;49.013;4.798;14.924;49.835;3.414;15.112;49.661;5.292;10.299;49.452;6.354;9.955;49.259;7.303;15.057;49.469;8.172;12.354;50.267;5.252;10.946;49.142;5.316;13.308;49.306;4.216;9.954;49.535;4.484;6.172;51.777;5.292;10.299;49.452;4.216;9.954;49.535;5.316;13.308;49.306;5.347;15.418;48.943;6.354;9.955;49.259;5.96;5.594;48.778;8.172;12.354;50.267;8.044;10.692;52.081;5.347;15.418;48.943;5.521;16.242;50.454;5.96;5.594;48.778;5.087;1.375;46.553
5.332;10.179;50.033;5.293;10.826;49.722;4.63;6.099;52.416;5.455;1.685;54.165;5.975;14.78;50.354;7.331;14.926;50.003;2.776;12.304;49.547;2.344;9.85;49.182;3.446;14.997;50.256;2.776;12.304;49.547;4.832;14.803;50.41;3.446;14.997;50.256;5.332;10.179;50.033;6.395;9.835;49.843;7.331;14.926;50.003;8.215;12.239;50.836;5.293;10.826;49.722;5.347;13.189;49.872;4.255;9.834;50.113;4.63;6.099;52.416;5.332;10.179;50.033;4.255;9.834;50.113;5.347;13.189;49.872;5.371;15.3;49.513;6.395;9.835;49.843;5.995;5.496;49.193;8.215;12.239;50.836;8.085;10.699;52.755;5.371;15.3;49.513;5.547;16.129;51.022;5.995;5.496;49.193;5.127;1.517;46.562
5.366;10.116;50.696;5.325;10.763;50.387;4.763;6.035;53.069;5.673;1.563;54.614;5.981;14.723;50.988;7.339;14.864;50.644;2.799;12.258;50.1;2.377;9.808;49.691;3.455;14.94;50.862;2.799;12.258;50.1;4.838;14.742;51.033;3.455;14.94;50.862;5.366;10.116;50.696;6.428;9.772;50.5;7.339;14.864;50.644;8.23;12.167;51.44;5.325;10.763;50.387;5.363;13.129;50.503;4.29;9.771;50.783;4.763;6.035;53.069;5.366;10.116;50.696;4.29;9.771;50.783;5.363;13.129;50.503;5.384;15.238;50.141;6.428;9.772;50.5;6.039;5.447;49.759;8.23;12.167;51.44;8.111;10.635;53.365;5.384;15.238;50.141;5.535;16.084;51.643;6.039;5.447;49.759;5.175;1.771;46.718
5.411;10.086;51.386;5.365;10.734;51.079;4.882;5.935;53.639;5.775;1.312;54.669;5.995;14.698;51.638;7.356;14.832;51.303;2.839;12.239;50.677;2.445;9.791;50.236;3.47;14.912;51.489;2.839;12.239;50.677;4.851;14.713;51.675;3.47;14.912;51.489;5.411;10.086;51.386;6.47;9.743;51.173;7.356;14.832;51.303;8.231;12.107;52.015;5.365;10.734;51.079;5.386;13.101;51.151;4.337;9.74;51.489;4.882;5.935;53.639;5.411;10.086;51.386;4.337;9.74;51.489;5.386;13.101;51.151;5.401;15.21;50.785;6.47;9.743;51.173;6.102;5.416;50.438;8.231;12.107;52.015;8.139;10.499;53.88;5.401;15.21;50.785;5.53;16.075;52.278;6.102;5.416;50.438;5.229;2.154;46.957
5.443;10.118;52.059;5.399;10.766;51.751;4.937;5.917;54.206;5.764;1.208;54.808;5.997;14.737;52.258;7.362;14.857;51.937;2.866;12.23;51.356;2.525;9.754;51.04;3.472;14.932;52.086;2.866;12.23;51.356;4.852;14.745;52.287;3.472;14.932;52.086;5.443;10.118;52.059;6.503;9.775;51.853;7.362;14.857;51.937;8.202;12.091;52.52;5.399;10.766;51.751;5.401;13.134;51.773;4.368;9.773;52.154;4.937;5.917;54.206;5.443;10.118;52.059;4.368;9.773;52.154;5.401;13.134;51.773;5.406;15.242;51.4;6.503;9.775;51.853;6.16;5.42;51.285;8.202;12.091;52.52;8.146;10.34;54.253;5.406;15.242;51.4;5.512;16.124;52.885;6.16;5.42;51.285;5.344;2.655;47.387
5.475;10.18;52.726;5.441;10.826;52.414;4.98;5.906;54.695;5.767;1.155;54.878;6.021;14.796;52.88;7.392;14.897;52.577;2.908;12.256;52.047;2.616;9.759;51.878;3.498;14.986;52.681;2.908;12.256;52.047;4.876;14.802;52.897;3.498;14.986;52.681;5.475;10.18;52.726;6.541;9.834;52.552;7.392;14.897;52.577;8.173;12.083;52.988;5.441;10.826;52.414;5.433;13.194;52.384;4.398;9.836;52.793;4.98;5.906;54.695;5.475;10.18;52.726;4.398;9.836;52.793;5.433;13.194;52.384;5.438;15.303;52.017;6.541;9.834;52.552;6.288;5.439;52.42;8.173;12.083;52.988;8.145;10.154;54.521;5.438;15.303;52.017;5.518;16.191;53.501;6.288;5.439;52.42;5.646;2.964;48.3
5.501;10.261;53.284;5.473;10.907;52.969;5.015;5.901;55.034;5.777;1.145;54.879;6.061;14.87;53.423;7.437;14.947;53.134;2.945;12.287;52.816;2.702;9.782;52.923;3.537;15.059;53.227;2.945;12.287;52.816;4.917;14.878;53.439;3.537;15.059;53.227;5.501;10.261;53.284;6.569;9.915;53.133;7.437;14.947;53.134;8.146;12.093;53.364;5.473;10.907;52.969;5.47;13.274;52.91;4.422;9.918;53.328;5.015;5.901;55.034;5.501;10.261;53.284;4.422;9.918;53.328;5.47;13.274;52.91;5.48;15.387;52.565;6.569;9.915;53.133;6.472;5.528;53.523;8.146;12.093;53.364;8.131;10.0;54.664;5.48;15.387;52.565;5.546;16.267;54.053;6.472;5.528;53.523;6.001;3.006;49.408
5.516;10.41;53.832;5.495;11.055;53.515;5.026;5.943;55.286;5.779;1.203;54.849;6.101;15.005;53.964;7.478;15.063;53.676;2.992;12.399;53.569;2.81;9.908;53.901;3.573;15.194;53.797;2.992;12.399;53.569;4.957;15.018;53.988;3.573;15.194;53.797;5.516;10.41;53.832;6.587;10.062;53.703;7.478;15.063;53.676;8.117;12.183;53.678;5.495;11.055;53.515;5.499;13.421;53.427;4.436;10.068;53.858;5.026;5.943;55.286;5.516;10.41;53.832;4.436;10.068;53.858;5.499;13.421;53.427;5.517;15.54;53.119;6.587;10.062;53.703;6.535;5.778;54.725;8.117;12.183;53.678;8.117;9.943;54.703;5.517;15.54;53.119;5.581;16.398;54.62;6.535;5.778;54.725;6.109;2.892;50.852
5.535;10.537;54.334;5.519;11.181;54.015;5.038;5.971;55.445;5.795;1.261;54.764;6.155;15.118;54.489;7.532;15.162;54.199;3.035;12.524;54.298;2.909;10.072;54.859;3.627;15.326;54.351;3.035;12.524;54.298;5.012;15.141;54.521;3.627;15.326;54.351;5.535;10.537;54.334;6.608;10.189;54.221;7.532;15.162;54.199;8.107;12.279;53.958;5.519;11.181;54.015;5.536;13.548;53.932;4.455;10.196;54.345;5.038;5.971;55.445;5.535;10.537;54.334;4.455;10.196;54.345;5.536;13.548;53.932;5.571;15.671;53.657;6.608;10.189;54.221;6.658;6.048;55.721;8.107;12.279;53.958;8.111;9.93;54.7;5.571;15.671;53.657;5.64;16.514;55.166;6.658;6.048;55.721;6.34;2.593;52.333
5.554;10.606;54.844;5.546;11.249;54.522;5.028;5.969;55.624;5.786;1.29;54.754;6.193;15.179;55.008;7.57;15.22;54.719;3.095;12.586;54.99;3.061;10.199;55.795;3.664;15.39;54.868;3.095;12.586;54.99;5.049;15.207;55.036;3.664;15.39;54.868;5.554;10.606;54.844;6.628;10.256;54.758;7.57;15.22;54.719;8.101;12.358;54.241;5.546;11.249;54.522;5.569;13.616;54.44;4.473;10.265;54.83;5.028;5.969;55.624;5.554;10.606;54.844;4.473;10.265;54.83;5.569;13.616;54.44;5.614;15.74;54.177;6.628;10.256;54.758;6.745;6.236;56.555;8.101;12.358;54.241;8.114;9.94;54.709;5.614;15.74;54.177;5.679;16.58;55.688;6.745;6.236;56.555;6.554;2.167;53.924
5.592;10.609;55.395;5.596;11.25;55.07;5.027;5.921;55.827;5.794;1.288;54.746;6.234;15.182;55.558;7.612;15.222;55.272;3.14;12.605;55.737;3.188;10.346;56.85;3.706;15.391;55.388;3.14;12.605;55.737;5.09;15.212;55.573;3.706;15.391;55.388;5.592;10.609;55.395;6.668;10.257;55.347;7.612;15.222;55.272;8.11;12.402;54.566;5.596;11.25;55.07;5.613;13.617;54.99;4.512;10.269;55.346;5.027;5.921;55.827;5.592;10.609;55.395;4.512;10.269;55.346;5.613;13.617;54.99;5.666;15.739;54.717;6.668;10.257;55.347;6.84;6.312;57.298;8.11;12.402;54.566;8.135;9.946;54.765;5.666;15.739;54.717;5.721;16.593;56.221;6.84;6.312;57.298;6.778;1.774;55.592
5.632;10.545;55.925;5.647;11.184;55.597;5.035;5.831;56.028;5.813;1.26;54.717;6.275;15.123;56.083;7.653;15.162;55.794;3.195;12.558;56.431;3.325;10.452;57.807;3.748;15.315;55.888;3.195;12.558;56.431;5.131;15.152;56.089;3.748;15.315;55.888;5.632;10.545;55.925;6.709;10.192;55.912;7.653;15.162;55.794;8.125;12.392;54.897;5.647;11.184;55.597;5.66;13.551;55.525;4.554;10.206;55.845;5.035;5.831;56.028;5.632;10.545;55.925;4.554;10.206;55.845;5.66;13.551;55.525;5.712;15.671;55.232;6.709;10.192;55.912;6.963;6.315;57.987;8.125;12.392;54.897;8.167;9.929;54.864;5.712;15.671;55.232;5.766;16.541;56.728;6.963;6.315;57.987;7.013;1.513;57.311
5.693;10.449;56.469;5.715;11.087;56.139;5.06;5.728;56.311;5.825;1.238;54.738;6.332;15.026;56.665;7.711;15.066;56.384;3.285;12.46;57.053;3.489;10.495;58.615;3.808;15.202;56.41;3.285;12.46;57.053;5.188;15.055;56.649;3.808;15.202;56.41;5.693;10.449;56.469;6.77;10.095;56.479;7.711;15.066;56.384;8.166;12.36;55.303;5.715;11.087;56.139;5.728;13.455;56.095;4.616;10.11;56.367;5.06;5.728;56.311;5.693;10.449;56.469;4.616;10.11;56.367;5.728;13.455;56.095;5.785;15.575;55.804;6.77;10.095;56.479;7.019;6.237;58.591;8.166;12.36;55.303;8.223;9.911;55.043;5.785;15.575;55.804;5.823;16.453;57.294;7.019;6.237;58.591;7.038;1.391;58.748
5.784;10.351;57.032;5.807;10.989;56.701;5.106;5.634;56.66;5.817;1.269;54.745;6.421;14.935;57.222;7.798;14.966;56.934;3.457;12.38;57.761;3.812;10.665;59.572;3.9;15.084;56.928;3.457;12.38;57.761;5.277;14.964;57.195;3.9;15.084;56.928;5.784;10.351;57.032;6.86;9.997;57.046;7.798;14.966;56.934;8.222;12.301;55.742;5.807;10.989;56.701;5.822;13.357;56.666;4.708;10.013;56.926;5.106;5.634;56.66;5.784;10.351;57.032;4.708;10.013;56.926;5.822;13.357;56.666;5.882;15.474;56.349;6.86;9.997;57.046;7.139;6.146;59.166;8.222;12.301;55.742;8.287;9.874;55.325;5.882;15.474;56.349;5.908;16.366;57.832;7.139;6.146;59.166;7.123;1.353;59.899
